contractSymbol,lastTradeDate,strike,lastPrice,bid,ask,change,percentChange,volume,openInterest,impliedVolatility,inTheMoney,contractSize,currency,maturity
NDXP241108C17000000,2024-11-08 14:41:35+00:00,17000.0,4116.0,4022.0,4222.0,564.0,15.878378,1.0,1.0,1.7336439099121095,1.0,REGULAR,USD,2024-11-08
NDXP241108C17300000,2024-11-04 16:43:42+00:00,17300.0,2709.29,3722.0,3921.5,0.0,0.0,1.0,0.0,1.5980855056762695,1.0,REGULAR,USD,2024-11-08
NDXP241108C17400000,2024-11-04 17:53:14+00:00,17400.0,2637.38,3622.0,3820.0,0.0,0.0,1.0,0.0,1.5233788479614256,1.0,REGULAR,USD,2024-11-08
NDXP241108C17500000,2024-11-04 17:53:14+00:00,17500.0,2537.82,3522.0,3720.0,0.0,0.0,2.0,1.0,1.4830958462524415,1.0,REGULAR,USD,2024-11-08
NDXP241108C17550000,2024-11-04 17:53:14+00:00,17550.0,2488.07,3472.0,3671.5,0.0,0.0,1.0,0.0,1.4954859210205076,1.0,REGULAR,USD,2024-11-08
NDXP241108C17700000,2024-11-07 14:50:02+00:00,17700.0,3252.29,3322.0,3520.0,0.0,0.0,1.0,3.0,1.4029570867919923,1.0,REGULAR,USD,2024-11-08
NDXP241108C18325000,2024-10-07 16:34:21+00:00,18325.0,1843.08,2469.7,2495.6,0.0,0.0,,1.0,1.0000000000000003e-05,1.0,REGULAR,USD,2024-11-08
NDXP241108C18350000,2024-10-07 16:34:21+00:00,18350.0,1820.72,2446.7,2472.5,0.0,0.0,,2.0,1.0000000000000003e-05,1.0,REGULAR,USD,2024-11-08
NDXP241108C18375000,2024-10-07 16:34:21+00:00,18375.0,1798.49,2417.9,2443.9,0.0,0.0,,1.0,1.0000000000000003e-05,1.0,REGULAR,USD,2024-11-08
NDXP241108C18500000,2024-11-08 18:53:49+00:00,18500.0,2639.72,2522.0,2722.0,917.12,53.24045,1.0,1.0,1.1203046914672852,1.0,REGULAR,USD,2024-11-08
NDXP241108C18625000,2024-11-05 15:00:31+00:00,18625.0,1581.35,2398.0,2596.0,0.0,0.0,1.0,1.0,1.0702561135864261,1.0,REGULAR,USD,2024-11-08
NDXP241108C18650000,2024-11-05 15:00:31+00:00,18650.0,1556.55,2372.0,2572.0,0.0,0.0,1.0,1.0,1.0602463980102543,1.0,REGULAR,USD,2024-11-08
NDXP241108C18800000,2024-10-23 19:28:19+00:00,18800.0,1379.74,2222.0,2420.0,0.0,0.0,1.0,0.0,0.9697878997802734,1.0,REGULAR,USD,2024-11-08
NDXP241108C18900000,2024-09-13 15:31:47+00:00,18900.0,1142.4,1526.5,1566.6,0.0,0.0,,1.0,1.0000000000000003e-05,1.0,REGULAR,USD,2024-11-08
NDXP241108C18975000,2024-10-07 16:49:43+00:00,18975.0,1277.73,1822.3,1847.7,0.0,0.0,,1.0,1.0000000000000003e-05,1.0,REGULAR,USD,2024-11-08
NDXP241108C19000000,2024-10-07 16:49:43+00:00,19000.0,1257.41,1802.6,1828.4,0.0,0.0,2.0,3.0,1.0000000000000003e-05,1.0,REGULAR,USD,2024-11-08
NDXP241108C19025000,2024-10-07 16:49:43+00:00,19025.0,1237.23,1773.2,1798.8,0.0,0.0,,1.0,1.0000000000000003e-05,1.0,REGULAR,USD,2024-11-08
NDXP241108C19075000,2024-11-08 20:40:49+00:00,19075.0,2039.64,1948.0,2148.0,1000.89,96.35523,3.0,3.0,0.9148568084716797,1.0,REGULAR,USD,2024-11-08
NDXP241108C19100000,2024-11-04 15:43:07+00:00,19100.0,1016.55,1922.0,2122.0,0.0,0.0,3.0,4.0,0.8806774627685545,1.0,REGULAR,USD,2024-11-08
NDXP241108C19125000,2024-10-07 17:02:23+00:00,19125.0,1167.35,1678.6,1703.9,0.0,0.0,,1.0,1.0000000000000003e-05,1.0,REGULAR,USD,2024-11-08
NDXP241108C19150000,2024-11-08 20:08:42+00:00,19150.0,1966.8,1872.0,2072.0,1038.06,111.7708,1.0,1.0,0.8607802008056642,1.0,REGULAR,USD,2024-11-08
NDXP241108C19200000,2024-11-06 15:05:53+00:00,19200.0,1377.63,1822.0,2020.0,0.0,0.0,1.0,1.0,0.8142718768310546,1.0,REGULAR,USD,2024-11-08
NDXP241108C19280000,2024-10-24 15:58:58+00:00,19280.0,1072.78,1742.0,1942.0,0.0,0.0,,1.0,0.8089923886108398,1.0,REGULAR,USD,2024-11-08
NDXP241108C19300000,2024-11-08 17:56:26+00:00,19300.0,1815.8,1722.0,1922.0,538.1001,42.114746,3.0,5.0,0.8010273803710937,1.0,REGULAR,USD,2024-11-08
NDXP241108C19340000,2024-11-06 15:15:09+00:00,19340.0,1298.39,1682.0,1882.0,0.0,0.0,2.0,2.0,0.7850973638916017,1.0,REGULAR,USD,2024-11-08
NDXP241108C19400000,2024-09-13 15:34:21+00:00,19400.0,802.35,1103.1,1140.3,0.0,0.0,,1.0,1.0000000000000003e-05,1.0,REGULAR,USD,2024-11-08
NDXP241108C19430000,2024-11-04 14:35:36+00:00,19430.0,654.65,1592.0,1792.0,0.0,0.0,1.0,1.0,0.7492090509033205,1.0,REGULAR,USD,2024-11-08
NDXP241108C19440000,2024-11-06 15:15:09+00:00,19440.0,1199.94,1582.0,1782.0,0.0,0.0,2.0,2.0,0.7452112881469727,1.0,REGULAR,USD,2024-11-08
NDXP241108C19450000,2024-11-08 17:56:26+00:00,19450.0,1665.77,1572.0,1772.0,953.99,134.02876,3.0,4.0,0.7412135253906249,1.0,REGULAR,USD,2024-11-08
NDXP241108C19470000,2024-11-06 15:18:11+00:00,19470.0,1197.49,1552.0,1752.0,0.0,0.0,2.0,2.0,0.7332485171508788,1.0,REGULAR,USD,2024-11-08
NDXP241108C19500000,2024-11-05 16:06:28+00:00,19500.0,716.45,1522.0,1722.0,0.0,0.0,1.0,3.0,0.7212857461547851,1.0,REGULAR,USD,2024-11-08
NDXP241108C19570000,2024-11-06 15:18:11+00:00,19570.0,1098.65,1452.0,1652.0,0.0,0.0,2.0,2.0,0.6933014068603516,1.0,REGULAR,USD,2024-11-08
NDXP241108C19600000,2024-11-07 17:09:53+00:00,19600.0,1457.16,1422.0,1622.0,0.0,0.0,1.0,2.0,0.6813386358642579,1.0,REGULAR,USD,2024-11-08
NDXP241108C19625000,2024-09-30 19:38:30+00:00,19625.0,810.87,842.6,914.1,0.0,0.0,3.0,3.0,1.0000000000000003e-05,1.0,REGULAR,USD,2024-11-08
NDXP241108C19650000,2024-10-01 19:18:34+00:00,19650.0,720.16,577.5,584.6,0.0,0.0,,0.0,1.0000000000000003e-05,1.0,REGULAR,USD,2024-11-08
NDXP241108C19675000,2024-10-23 19:57:03+00:00,19675.0,681.7,1348.0,1546.0,0.0,0.0,1.0,1.0,0.6513096392822266,1.0,REGULAR,USD,2024-11-08
NDXP241108C19700000,2024-11-05 20:58:08+00:00,19700.0,603.94,1322.0,1522.0,0.0,0.0,1.0,3.0,0.6412999737548828,1.0,REGULAR,USD,2024-11-08
NDXP241108C19720000,2024-11-06 15:17:50+00:00,19720.0,949.51,1302.0,1502.0,0.0,0.0,1.0,1.0,0.6332739309692383,1.0,REGULAR,USD,2024-11-08
NDXP241108C19775000,2024-10-23 19:57:03+00:00,19775.0,611.35,1248.0,1446.0,0.0,0.0,1.0,1.0,0.6112099426269533,1.0,REGULAR,USD,2024-11-08
NDXP241108C19800000,2024-11-07 17:31:35+00:00,19800.0,1274.12,1222.0,1421.5,0.0,0.0,1.0,2.0,0.5963175134277343,1.0,REGULAR,USD,2024-11-08
NDXP241108C19820000,2024-11-06 15:17:50+00:00,19820.0,850.63,1202.0,1401.5,0.0,0.0,1.0,1.0,0.5883219879150392,1.0,REGULAR,USD,2024-11-08
NDXP241108C19825000,2024-11-06 20:59:38+00:00,19825.0,949.96,1198.0,1398.0,0.0,0.0,1.0,0.0,0.608799078063965,1.0,REGULAR,USD,2024-11-08
NDXP241108C19830000,2024-11-06 20:59:38+00:00,19830.0,944.97,1192.0,1391.5,0.0,0.0,1.0,0.0,0.5843547424316407,1.0,REGULAR,USD,2024-11-08
NDXP241108C19900000,2024-11-07 20:58:29+00:00,19900.0,1201.5,1122.0,1320.0,0.0,0.0,2.0,20.0,0.5415084912109377,1.0,REGULAR,USD,2024-11-08
NDXP241108C19920000,2024-11-06 14:46:10+00:00,19920.0,722.4,1102.0,1301.5,0.0,0.0,1.0,1.0,0.5482833258056643,1.0,REGULAR,USD,2024-11-08
NDXP241108C19950000,2024-11-08 18:42:44+00:00,19950.0,1195.88,1072.0,1271.5,445.97998,59.471928,2.0,13.0,0.536259520263672,1.0,REGULAR,USD,2024-11-08
NDXP241108C19960000,2024-10-31 18:59:01+00:00,19960.0,341.1,1062.0,1260.0,0.0,0.0,,3.0,0.5179186392211915,1.0,REGULAR,USD,2024-11-08
NDXP241108C19975000,2024-10-18 14:37:46+00:00,19975.0,651.71,1048.0,1248.0,0.0,0.0,1.0,1.0,0.5468795312500001,1.0,REGULAR,USD,2024-11-08
NDXP241108C19990000,2024-10-31 16:31:02+00:00,19990.0,339.5,1032.0,1232.0,0.0,0.0,,3.0,0.5245408874511719,1.0,REGULAR,USD,2024-11-08
NDXP241108C20000000,2024-11-08 20:08:29+00:00,20000.0,1119.08,1022.0,1222.0,-16.920044,-1.4894404,6.0,72.0,0.5204820901489257,1.0,REGULAR,USD,2024-11-08
NDXP241108C20010000,2024-10-31 14:01:43+00:00,20010.0,367.9,1012.0,1212.0,0.0,0.0,2.0,1.0,0.5164232928466796,1.0,REGULAR,USD,2024-11-08
NDXP241108C20020000,2024-11-04 17:31:02+00:00,20020.0,287.6,1002.0,1200.0,0.0,0.0,3.0,3.0,1.0623978765106203,1.0,REGULAR,USD,2024-11-08
NDXP241108C20040000,2024-11-04 19:59:01+00:00,20040.0,284.2,982.0,1180.0,0.0,0.0,9.0,10.0,1.049405082588196,1.0,REGULAR,USD,2024-11-08
NDXP241108C20050000,2024-11-01 18:44:58+00:00,20050.0,319.83,972.0,1172.0,0.0,0.0,164.0,42.0,0.5001881036376954,1.0,REGULAR,USD,2024-11-08
NDXP241108C20060000,2024-11-01 18:59:02+00:00,20060.0,314.2,962.0,1162.0,0.0,0.0,9.0,12.0,1.043644918518067,1.0,REGULAR,USD,2024-11-08
NDXP241108C20070000,2024-11-05 15:57:40+00:00,20070.0,307.55,1001.3,1095.8,0.0,0.0,1.0,2.0,0.8081684222412109,1.0,REGULAR,USD,2024-11-08
NDXP241108C20075000,2024-11-06 17:12:48+00:00,20075.0,632.25,996.3,1090.8,0.0,0.0,1.0,2.0,0.8053226865386962,1.0,REGULAR,USD,2024-11-08
NDXP241108C20080000,2024-11-06 14:46:10+00:00,20080.0,571.8,991.3,1085.8,0.0,0.0,1.0,4.0,0.8024693215179441,1.0,REGULAR,USD,2024-11-08
NDXP241108C20090000,2024-11-01 19:44:53+00:00,20090.0,299.4,981.3,1075.8,0.0,0.0,1.0,1.0,0.7967702207946776,1.0,REGULAR,USD,2024-11-08
NDXP241108C20100000,2024-11-08 17:59:10+00:00,20100.0,1010.63,971.4,1065.8,79.5,8.5380125,2.0,52.0,0.791063490753174,1.0,REGULAR,USD,2024-11-08
NDXP241108C20110000,2024-11-05 16:33:58+00:00,20110.0,326.5,961.3,1055.8,0.0,0.0,1.0,0.0,0.7853491313934325,1.0,REGULAR,USD,2024-11-08
NDXP241108C20120000,2024-11-01 18:52:20+00:00,20120.0,282.14,951.3,1045.8,0.0,0.0,11.0,6.0,0.7796271427154542,1.0,REGULAR,USD,2024-11-08
NDXP241108C20125000,2024-11-05 16:56:03+00:00,20125.0,322.22,946.3,1040.8,0.0,0.0,30.0,3.0,0.7767661483764648,1.0,REGULAR,USD,2024-11-08
NDXP241108C20140000,2024-11-08 14:58:05+00:00,20140.0,955.45,931.4,1025.8,662.25,225.8697,1.0,2.0,0.7681602774047852,1.0,REGULAR,USD,2024-11-08
NDXP241108C20150000,2024-11-07 18:33:02+00:00,20150.0,948.84,921.4,1015.8,42.390015,4.676487,1.0,8.0,0.7624230300903321,1.0,REGULAR,USD,2024-11-08
NDXP241108C20160000,2024-11-05 17:14:52+00:00,20160.0,316.24,911.4,1005.8,0.0,0.0,1.0,2.0,0.7566705241394043,1.0,REGULAR,USD,2024-11-08
NDXP241108C20170000,2024-11-06 14:33:03+00:00,20170.0,456.87,901.3,995.8,0.0,0.0,6.0,6.0,0.7509180181884765,1.0,REGULAR,USD,2024-11-08
NDXP241108C20175000,2024-11-08 20:09:31+00:00,20175.0,950.43,896.3,990.8,68.91998,7.8184004,2.0,10.0,0.7480417652130128,1.0,REGULAR,USD,2024-11-08
NDXP241108C20200000,2024-11-08 20:09:31+00:00,20200.0,925.04,871.3,965.8,38.919983,4.39218,5.0,35.0,0.7336147244262695,1.0,REGULAR,USD,2024-11-08
NDXP241108C20220000,2024-11-06 14:30:17+00:00,20220.0,400.8,851.2,945.8,0.0,0.0,1.0,4.0,0.722033419342041,1.0,REGULAR,USD,2024-11-08
NDXP241108C20240000,2024-11-08 14:57:55+00:00,20240.0,858.88,830.7,925.7,354.08002,70.14263,1.0,1.0,0.7099790965270996,1.0,REGULAR,USD,2024-11-08
NDXP241108C20250000,2024-11-06 17:34:36+00:00,20250.0,457.75,821.4,914.4,0.0,0.0,1.0,6.0,0.6983825328063966,1.0,REGULAR,USD,2024-11-08
NDXP241108C20275000,2024-10-31 16:06:00+00:00,20275.0,200.1,800.0,888.4,0.0,0.0,1.0,1.0,0.6794465649414063,1.0,REGULAR,USD,2024-11-08
NDXP241108C20280000,2024-11-08 14:57:55+00:00,20280.0,818.72,800.0,887.5,571.19995,230.7692,1.0,2.0,0.694461063232422,1.0,REGULAR,USD,2024-11-08
NDXP241108C20290000,2024-11-01 19:43:23+00:00,20290.0,204.3,792.0,872.0,0.0,0.0,1.0,1.0,0.6645236184692385,1.0,REGULAR,USD,2024-11-08
NDXP241108C20300000,2024-11-08 18:51:16+00:00,20300.0,842.92,782.0,862.0,638.64996,312.64987,1.0,7.0,0.6587405952453613,1.0,REGULAR,USD,2024-11-08
NDXP241108C20310000,2024-11-06 17:00:20+00:00,20310.0,400.1,772.0,852.0,0.0,0.0,2.0,2.0,0.6529575720214844,1.0,REGULAR,USD,2024-11-08
NDXP241108C20320000,2024-10-31 15:10:11+00:00,20320.0,196.9,762.0,842.0,0.0,0.0,,1.0,0.64716691947937,1.0,REGULAR,USD,2024-11-08
NDXP241108C20325000,2024-10-18 19:15:54+00:00,20325.0,420.25,758.0,836.0,0.0,0.0,1.0,5.0,0.6398504032897949,1.0,REGULAR,USD,2024-11-08
NDXP241108C20350000,2024-11-07 14:47:50+00:00,20350.0,597.01,732.0,812.0,0.0,0.0,69.0,65.0,0.6297262979888916,1.0,REGULAR,USD,2024-11-08
NDXP241108C20360000,2024-11-05 19:23:11+00:00,20360.0,166.8,722.0,802.0,0.0,0.0,2.0,2.0,0.6238898695373536,1.0,REGULAR,USD,2024-11-08
NDXP241108C20370000,2024-11-01 17:06:28+00:00,20370.0,176.8,712.0,792.0,0.0,0.0,1.0,1.0,0.6180458117675782,1.0,REGULAR,USD,2024-11-08
NDXP241108C20375000,2024-11-04 20:43:04+00:00,20375.0,114.0,708.0,786.0,0.0,0.0,7.0,10.0,0.6108208473968507,1.0,REGULAR,USD,2024-11-08
NDXP241108C20380000,2024-11-06 15:21:32+00:00,20380.0,339.91,702.0,782.0,0.0,0.0,3.0,43.0,0.6121941246795656,1.0,REGULAR,USD,2024-11-08
NDXP241108C20390000,2024-11-01 16:28:26+00:00,20390.0,181.8,692.0,772.0,0.0,0.0,1.0,1.0,0.6063271789550781,1.0,REGULAR,USD,2024-11-08
NDXP241108C20400000,2024-11-07 19:17:33+00:00,20400.0,689.5,682.0,762.0,0.0,0.0,15.0,27.0,0.6004526039123537,1.0,REGULAR,USD,2024-11-08
NDXP241108C20420000,2024-11-07 14:55:09+00:00,20420.0,552.85,662.0,742.0,0.0,0.0,2.0,3.0,0.5886729365539551,1.0,REGULAR,USD,2024-11-08
NDXP241108C20425000,2024-11-07 14:42:55+00:00,20425.0,562.7,658.0,736.0,0.0,0.0,3.0,3.0,0.5815395240020752,1.0,REGULAR,USD,2024-11-08
NDXP241108C20430000,2024-10-25 14:01:48+00:00,20430.0,451.4,652.0,732.0,0.0,0.0,1.0,0.0,0.5827602149200439,1.0,REGULAR,USD,2024-11-08
NDXP241108C20440000,2024-11-04 20:54:02+00:00,20440.0,94.7,642.0,722.0,0.0,0.0,25.0,26.0,0.5768398639678954,1.0,REGULAR,USD,2024-11-08
NDXP241108C20450000,2024-11-07 14:38:22+00:00,20450.0,511.9,632.0,712.0,0.0,0.0,1.0,34.0,0.5709042543792724,1.0,REGULAR,USD,2024-11-08
NDXP241108C20460000,2024-11-04 17:44:01+00:00,20460.0,97.4,622.0,702.0,0.0,0.0,4.0,11.0,0.5649610154724123,1.0,REGULAR,USD,2024-11-08
NDXP241108C20470000,2024-10-31 19:57:16+00:00,20470.0,128.45,612.0,692.0,0.0,0.0,1.0,4.0,0.5590025179290772,1.0,REGULAR,USD,2024-11-08
NDXP241108C20480000,2024-11-06 15:21:32+00:00,20480.0,260.57,602.0,682.0,0.0,0.0,2.0,5.0,0.5530287617492677,1.0,REGULAR,USD,2024-11-08
NDXP241108C20490000,2024-11-05 20:03:18+00:00,20490.0,110.0,592.0,672.0,0.0,0.0,1.0,2.0,0.5470473762512209,1.0,REGULAR,USD,2024-11-08
NDXP241108C20500000,2024-11-08 20:36:56+00:00,20500.0,610.9,582.0,662.0,10.680054,1.7793566,8.0,61.0,0.5410507321166994,1.0,REGULAR,USD,2024-11-08
NDXP241108C20510000,2024-11-07 14:33:52+00:00,20510.0,446.55,572.0,652.0,0.0,0.0,2.0,13.0,0.5350388293457031,1.0,REGULAR,USD,2024-11-08
NDXP241108C20520000,2024-11-04 18:40:16+00:00,20520.0,85.45,562.0,642.0,0.0,0.0,8.0,9.0,0.5290116679382324,1.0,REGULAR,USD,2024-11-08
NDXP241108C20525000,2024-11-08 20:25:08+00:00,20525.0,599.67,558.0,636.0,26.169983,4.5632052,1.0,15.0,0.5220537297058103,1.0,REGULAR,USD,2024-11-08
NDXP241108C20530000,2024-11-07 15:02:14+00:00,20530.0,468.44,552.0,632.0,0.0,0.0,3.0,3.0,0.5229692478942871,1.0,REGULAR,USD,2024-11-08
NDXP241108C20540000,2024-11-07 15:57:12+00:00,20540.0,516.27,542.0,622.0,0.0,0.0,1.0,8.0,0.5169115692138673,1.0,REGULAR,USD,2024-11-08
NDXP241108C20550000,2024-11-08 18:32:30+00:00,20550.0,580.84,532.0,612.0,131.91003,29.38321,1.0,24.0,0.5108386318969728,1.0,REGULAR,USD,2024-11-08
NDXP241108C20560000,2024-11-07 15:13:12+00:00,20560.0,467.1,522.0,602.0,0.0,0.0,1.0,5.0,0.5047504359436035,1.0,REGULAR,USD,2024-11-08
NDXP241108C20570000,2024-11-01 19:16:01+00:00,20570.0,102.8,512.0,592.0,0.0,0.0,3.0,3.0,0.4986469813537598,1.0,REGULAR,USD,2024-11-08
NDXP241108C20575000,2024-11-08 20:25:08+00:00,20575.0,550.1,508.0,586.0,23.679993,4.498308,1.0,30.0,0.4917729656219483,1.0,REGULAR,USD,2024-11-08
NDXP241108C20590000,2024-11-07 15:57:12+00:00,20590.0,464.43,492.0,572.0,0.0,0.0,1.0,20.0,0.4863866669464112,1.0,REGULAR,USD,2024-11-08
NDXP241108C20600000,2024-11-08 20:36:07+00:00,20600.0,506.1,482.0,562.0,-23.709991,-4.4751873,3.0,89.0,0.4802298071289062,1.0,REGULAR,USD,2024-11-08
NDXP241108C20610000,2024-11-01 14:20:22+00:00,20610.0,105.51,472.0,552.0,0.0,0.0,3.0,4.0,0.4740576886749268,1.0,REGULAR,USD,2024-11-08
NDXP241108C20625000,2024-11-07 21:06:13+00:00,20625.0,498.9,458.0,536.0,0.0,0.0,16.0,16.0,0.46107258903503423,1.0,REGULAR,USD,2024-11-08
NDXP241108C20630000,2024-11-07 21:08:00+00:00,20630.0,498.45,452.0,532.0,0.0,0.0,13.0,17.0,0.4616486025619508,1.0,REGULAR,USD,2024-11-08
NDXP241108C20640000,2024-11-07 21:08:00+00:00,20640.0,488.6,442.0,522.0,0.0,0.0,2.0,3.0,0.4554192642211914,1.0,REGULAR,USD,2024-11-08
NDXP241108C20650000,2024-11-08 15:03:49+00:00,20650.0,450.7,432.0,512.0,52.04001,13.053732,37.0,45.0,0.4491632232666015,1.0,REGULAR,USD,2024-11-08
NDXP241108C20660000,2024-11-07 16:11:49+00:00,20660.0,389.04,422.0,502.0,0.0,0.0,1.0,5.0,0.44289192367553715,1.0,REGULAR,USD,2024-11-08
NDXP241108C20670000,2024-11-07 14:55:09+00:00,20670.0,319.75,412.0,492.0,0.0,0.0,2.0,1.0,0.4365939214706421,1.0,REGULAR,USD,2024-11-08
NDXP241108C20675000,2024-11-07 14:56:58+00:00,20675.0,424.8,408.0,486.0,93.04999,28.048225,1.0,14.0,0.42988393608093267,1.0,REGULAR,USD,2024-11-08
NDXP241108C20680000,2024-11-06 15:30:11+00:00,20680.0,142.4,402.0,482.0,0.0,0.0,4.0,31.0,0.4302730313110352,1.0,REGULAR,USD,2024-11-08
NDXP241108C20690000,2024-11-06 17:17:28+00:00,20690.0,123.3,400.0,480.0,0.0,0.0,1.0,1.0,0.45123458316802983,1.0,REGULAR,USD,2024-11-08
NDXP241108C20700000,2024-11-07 19:20:07+00:00,20700.0,389.4,400.0,480.0,0.0,0.0,18.0,64.0,0.4769339416503906,1.0,REGULAR,USD,2024-11-08
NDXP241108C20710000,2024-10-25 15:02:00+00:00,20710.0,285.72,392.0,432.0,0.0,0.0,1.0,3.0,0.33570000244140624,1.0,REGULAR,USD,2024-11-08
NDXP241108C20720000,2024-11-07 19:20:07+00:00,20720.0,370.47,382.0,422.0,0.0,0.0,11.0,6.0,0.32994749649047844,1.0,REGULAR,USD,2024-11-08
NDXP241108C20725000,2024-11-07 17:17:36+00:00,20725.0,357.3,378.0,416.0,0.0,0.0,3.0,4.0,0.32285223052978507,1.0,REGULAR,USD,2024-11-08
NDXP241108C20740000,2024-11-08 18:37:54+00:00,20740.0,408.7,362.0,402.0,27.850006,7.3125916,1.0,2.0,0.3183585620880126,1.0,REGULAR,USD,2024-11-08
NDXP241108C20750000,2024-11-08 16:43:51+00:00,20750.0,341.91,352.0,392.0,-6.0400085,-1.735884,8.0,102.0,0.3125373922729492,1.0,REGULAR,USD,2024-11-08
NDXP241108C20760000,2024-11-08 16:43:51+00:00,20760.0,332.0,342.0,382.0,-27.899994,-7.752152,1.0,11.0,0.30668570518493643,1.0,REGULAR,USD,2024-11-08
NDXP241108C20770000,2024-11-08 18:37:54+00:00,20770.0,377.8,332.0,372.0,108.69998,40.393898,7.0,7.0,0.3008035008239746,1.0,REGULAR,USD,2024-11-08
NDXP241108C20775000,2024-11-07 16:36:00+00:00,20775.0,298.6,328.0,366.0,0.0,0.0,3.0,11.0,0.29386845054626454,1.0,REGULAR,USD,2024-11-08
NDXP241108C20780000,2024-11-07 17:30:18+00:00,20780.0,308.8,322.0,362.0,0.0,0.0,6.0,10.0,0.29489840850830074,1.0,REGULAR,USD,2024-11-08
NDXP241108C20790000,2024-11-07 20:59:00+00:00,20790.0,308.5,312.0,352.0,0.0,0.0,27.0,28.0,0.28896279891967763,1.0,REGULAR,USD,2024-11-08
NDXP241108C20800000,2024-11-07 20:43:58+00:00,20800.0,295.0,302.0,342.0,-32.100006,-9.813514,2.0,29.0,0.2830043013763427,1.0,REGULAR,USD,2024-11-08
NDXP241108C20825000,2024-11-07 19:31:36+00:00,20825.0,273.2,278.0,316.0,-6.019989,-2.156002,1.0,12.0,0.2641904026031494,1.0,REGULAR,USD,2024-11-08
NDXP241108C20850000,2024-11-08 17:07:09+00:00,20850.0,251.08,252.0,292.0,-29.12001,-10.39258,11.0,38.0,0.2527006493377686,1.0,REGULAR,USD,2024-11-08
NDXP241108C20875000,2024-11-08 17:07:09+00:00,20875.0,226.12,228.0,266.0,-2.7799988,-1.2145036,3.0,67.0,0.23366550033569333,1.0,REGULAR,USD,2024-11-08
NDXP241108C20900000,2024-11-08 20:04:48+00:00,20900.0,214.37,202.0,242.0,-23.630005,-9.928574,90.0,66.0,0.22142807388305663,1.0,REGULAR,USD,2024-11-08
NDXP241108C20925000,2024-11-08 20:39:48+00:00,20925.0,195.1,188.0,208.0,-4.299988,-2.1564634,59.0,203.0,0.1739279385375977,1.0,REGULAR,USD,2024-11-08
NDXP241108C20950000,2024-11-08 20:03:01+00:00,20950.0,166.85,162.0,182.0,-18.12999,-9.801055,107.0,151.0,0.15514455703735353,1.0,REGULAR,USD,2024-11-08
NDXP241108C20975000,2024-11-08 18:59:34+00:00,20975.0,169.55,138.0,158.0,4.930008,2.9947808,8.0,112.0,0.1432351912689209,1.0,REGULAR,USD,2024-11-08
NDXP241108C21000000,2024-11-08 20:46:04+00:00,21000.0,118.0,112.0,132.0,-40.800003,-25.692696,91.0,118.0,0.12394064544677735,1.0,REGULAR,USD,2024-11-08
NDXP241108C21025000,2024-11-08 20:57:38+00:00,21025.0,92.07,88.0,108.0,-41.500008,-31.069857,141.0,21.0,0.11051686000823975,1.0,REGULAR,USD,2024-11-08
NDXP241108C21050000,2024-11-08 20:57:21+00:00,21050.0,62.45,62.0,82.0,-59.789997,-48.911972,186.0,66.0,0.0901427656555176,1.0,REGULAR,USD,2024-11-08
NDXP241108C21075000,2024-11-08 20:59:53+00:00,21075.0,45.45,41.5,50.0,-54.45,-54.504505,308.0,20.0,0.052240312652587884,1.0,REGULAR,USD,2024-11-08
NDXP241108C21100000,2024-11-08 20:59:20+00:00,21100.0,26.7,12.0,25.0,-51.3,-65.76923,716.0,78.0,0.033693440017700194,1.0,REGULAR,USD,2024-11-08
NDXP241108C21125000,2024-11-08 20:59:58+00:00,21125.0,0.1,0.1,0.2,-66.12,-99.02651,921.0,46.0,0.005014832763671874,0.0,REGULAR,USD,2024-11-08
NDXP241108C21150000,2024-11-08 20:58:39+00:00,21150.0,0.08,0.0,0.9,-54.239998,-99.66924,2158.0,86.0,0.021433125610351565,0.0,REGULAR,USD,2024-11-08
NDXP241108C21175000,2024-11-08 20:58:21+00:00,21175.0,0.05,0.0,0.05,-48.02,-99.89599,1112.0,36.0,0.021066918334960945,0.0,REGULAR,USD,2024-11-08
NDXP241108C21200000,2024-11-08 20:51:52+00:00,21200.0,0.05,0.0,0.95,-41.4,-99.87937,2005.0,53.0,0.04453470123291015,0.0,REGULAR,USD,2024-11-08
NDXP241108C21225000,2024-11-08 20:54:40+00:00,21225.0,0.05,0.0,0.45,-29.42,-99.83034,1111.0,13.0,0.04853246398925781,0.0,REGULAR,USD,2024-11-08
NDXP241108C21250000,2024-11-08 20:48:17+00:00,21250.0,0.05,0.05,0.15,-26.310001,-99.810326,1312.0,58.0,0.049875223999023444,0.0,REGULAR,USD,2024-11-08
NDXP241108C21275000,2024-11-08 20:39:02+00:00,21275.0,0.06,0.0,0.1,-16.44,-99.63636,550.0,96.0,0.05542936767578125,0.0,REGULAR,USD,2024-11-08
NDXP241108C21300000,2024-11-08 20:52:34+00:00,21300.0,0.08,0.0,0.25,-15.87,-99.498436,690.0,88.0,0.07019972778320313,0.0,REGULAR,USD,2024-11-08
NDXP241108C21325000,2024-11-08 20:18:12+00:00,21325.0,0.1,0.0,4.1,-9.629999,-98.97225,259.0,30.0,0.12500875,0.0,REGULAR,USD,2024-11-08
NDXP241108C21350000,2024-11-08 20:59:53+00:00,21350.0,0.05,0.0,0.05,-7.43,-99.33155,442.0,46.0,0.073251455078125,0.0,REGULAR,USD,2024-11-08
NDXP241108C21375000,2024-11-08 20:25:08+00:00,21375.0,0.1,0.0,5.0,-5.7000003,-98.275856,87.0,111.0,0.15430533203125002,0.0,REGULAR,USD,2024-11-08
NDXP241108C21400000,2024-11-08 20:50:14+00:00,21400.0,0.15,0.0,20.0,-5.2999997,-97.24771,164.0,246.0,0.2405624040222168,0.0,REGULAR,USD,2024-11-08
NDXP241108C21425000,2024-11-08 20:43:05+00:00,21425.0,0.15,0.0,1.0,-3.3999999,-95.77465,56.0,35.0,0.13269910278320313,0.0,REGULAR,USD,2024-11-08
NDXP241108C21450000,2024-11-08 16:55:46+00:00,21450.0,0.16,0.0,0.2,-2.54,-94.07407,34.0,58.0,0.1157314990234375,0.0,REGULAR,USD,2024-11-08
NDXP241108C21475000,2024-11-08 20:31:10+00:00,21475.0,0.05,0.0,20.0,-1.86,-97.3822,87.0,57.0,0.28206589523315423,0.0,REGULAR,USD,2024-11-08
NDXP241108C21500000,2024-11-08 20:25:42+00:00,21500.0,0.05,0.0,0.05,-1.75,-97.22222,74.0,216.0,0.1147549462890625,0.0,REGULAR,USD,2024-11-08
NDXP241108C21525000,2024-11-08 17:01:12+00:00,21525.0,0.05,0.0,0.2,-1.1800001,-95.93497,22.0,19.0,0.13843635009765626,0.0,REGULAR,USD,2024-11-08
NDXP241108C21550000,2024-11-08 20:39:16+00:00,21550.0,0.05,0.0,20.0,-1.01,-95.28303,17.0,69.0,0.3219290830230712,0.0,REGULAR,USD,2024-11-08
NDXP241108C21575000,2024-11-08 19:44:36+00:00,21575.0,0.15,0.0,0.05,-0.54999995,-78.571434,5.0,27.0,0.13477427734375003,0.0,REGULAR,USD,2024-11-08
NDXP241108C21600000,2024-11-08 20:32:50+00:00,21600.0,0.05,0.0,20.0,-0.5,-90.90909,6.0,82.0,0.3477619545745849,0.0,REGULAR,USD,2024-11-08
NDXP241108C21650000,2024-11-08 16:06:56+00:00,21650.0,0.2,0.0,20.0,-0.55,-73.333336,10.0,89.0,0.37308366180419916,0.0,REGULAR,USD,2024-11-08
NDXP241108C21675000,2024-11-08 20:24:26+00:00,21675.0,0.05,0.0,0.05,-0.29999998,-85.71428,7.0,26.0,0.161141201171875,0.0,REGULAR,USD,2024-11-08
NDXP241108C21700000,2024-11-08 20:49:14+00:00,21700.0,0.05,0.0,0.15,-0.47999996,-90.56603,8.0,52.0,0.1848226049804687,0.0,REGULAR,USD,2024-11-08
NDXP241108C21725000,2024-11-08 14:44:43+00:00,21725.0,0.01,0.0,20.0,-0.96000004,-98.96907,3.0,18.0,0.41023844161987305,0.0,REGULAR,USD,2024-11-08
NDXP241108C21750000,2024-11-08 16:46:16+00:00,21750.0,0.05,0.0,0.1,-0.55,-91.666664,4.0,25.0,0.19165847412109377,0.0,REGULAR,USD,2024-11-08
NDXP241108C21775000,2024-11-08 14:30:47+00:00,21775.0,0.05,0.0,0.15,-0.42999998,-89.58333,3.0,74.0,0.20581848876953124,0.0,REGULAR,USD,2024-11-08
NDXP241108C21800000,2024-11-07 21:04:42+00:00,21800.0,0.42,0.0,20.0,0.0,0.0,37.0,36.0,0.44652347915649415,0.0,REGULAR,USD,2024-11-08
NDXP241108C21825000,2024-11-07 21:11:12+00:00,21825.0,0.1,0.0,20.0,0.0,0.0,21.0,38.0,0.45844047424316414,0.0,REGULAR,USD,2024-11-08
NDXP241108C21850000,2024-11-07 20:57:31+00:00,21850.0,0.2,0.0,20.0,0.0,0.0,51.0,51.0,0.470281176147461,0.0,REGULAR,USD,2024-11-08
NDXP241108C21875000,2024-11-07 21:04:50+00:00,21875.0,0.15,0.0,20.0,0.0,0.0,40.0,43.0,0.4820455848693848,0.0,REGULAR,USD,2024-11-08
NDXP241108C21900000,2024-11-05 21:06:04+00:00,21900.0,1.47,0.0,20.0,0.0,0.0,16.0,10.0,0.49373370040893566,0.0,REGULAR,USD,2024-11-08
NDXP241108C21925000,2024-10-31 13:34:54+00:00,21925.0,3.63,0.0,20.0,0.0,0.0,15.0,21.0,0.5053455227661132,0.0,REGULAR,USD,2024-11-08
NDXP241108C21950000,2024-11-07 21:05:03+00:00,21950.0,0.1,0.0,20.0,0.0,0.0,9.0,31.0,0.5168963105773927,0.0,REGULAR,USD,2024-11-08
NDXP241108C21975000,2024-10-31 13:38:18+00:00,21975.0,3.32,0.0,20.0,0.0,0.0,5.0,10.0,0.528370805206299,0.0,REGULAR,USD,2024-11-08
NDXP241108C22000000,2024-11-08 14:49:21+00:00,22000.0,0.05,0.0,20.0,-0.10000001,-66.66667,10.0,12.0,0.5397842652893068,0.0,REGULAR,USD,2024-11-08
NDXP241108C22075000,2024-10-29 19:41:02+00:00,22075.0,8.95,0.0,20.0,0.0,0.0,1.0,10.0,0.5736431796264648,0.0,REGULAR,USD,2024-11-08
NDXP241108C22100000,2024-11-07 21:04:23+00:00,22100.0,0.1,0.0,20.0,0.0,0.0,47.0,51.0,0.5057727645874023,0.0,REGULAR,USD,2024-11-08
NDXP241108C22175000,2024-11-08 16:46:10+00:00,22175.0,0.05,0.0,20.0,-0.29999998,-85.71428,1.0,79.0,0.5358933129882812,0.0,REGULAR,USD,2024-11-08
NDXP241108C22200000,2024-11-07 20:58:22+00:00,22200.0,0.1,0.0,20.0,0.0,0.0,5.0,7.0,0.5458419439697266,0.0,REGULAR,USD,2024-11-08
NDXP241108C22225000,2024-10-29 19:47:55+00:00,22225.0,6.5,0.0,0.05,0.0,0.0,2.0,3.0,0.299811689453125,0.0,REGULAR,USD,2024-11-08
NDXP241108C22250000,2024-11-06 18:26:15+00:00,22250.0,0.35,0.0,20.0,0.0,0.0,1.0,1.0,0.565632395477295,0.0,REGULAR,USD,2024-11-08
NDXP241108C22300000,2024-11-05 19:20:15+00:00,22300.0,0.72,0.0,0.05,0.0,0.0,4.0,4.0,0.317389638671875,0.0,REGULAR,USD,2024-11-08
NDXP241108C22325000,2024-10-21 15:02:22+00:00,22325.0,4.7,0.0,0.05,0.0,0.0,1.0,1.0,0.3232489550781249,0.0,REGULAR,USD,2024-11-08
NDXP241108C22350000,2024-11-08 14:52:24+00:00,22350.0,0.05,0.0,20.0,-2.92,-98.3165,6.0,8.0,0.6047097634887697,0.0,REGULAR,USD,2024-11-08
NDXP241108C22375000,2024-11-05 15:40:51+00:00,22375.0,0.76,0.0,20.0,0.0,0.0,2.0,2.0,0.6143837390136719,0.0,REGULAR,USD,2024-11-08
NDXP241108C22400000,2024-11-05 19:20:15+00:00,22400.0,0.63,0.0,20.0,0.0,0.0,4.0,4.0,0.624027197265625,0.0,REGULAR,USD,2024-11-08
NDXP241108C22425000,2024-11-07 15:56:29+00:00,22425.0,0.25,0.0,20.0,0.0,0.0,1.0,8.0,0.6336248796081543,0.0,REGULAR,USD,2024-11-08
NDXP241108C22475000,2024-10-04 15:06:52+00:00,22475.0,7.8,0.3,1.0,0.0,0.0,1.0,1.0,0.471684970703125,0.0,REGULAR,USD,2024-11-08
NDXP241108C22500000,2024-11-07 20:19:05+00:00,22500.0,0.04,0.0,0.05,0.0,0.0,5.0,102.0,0.36524072265625,0.0,REGULAR,USD,2024-11-08
NDXP241108C22550000,2024-10-30 19:21:46+00:00,22550.0,1.85,0.0,0.1,0.0,0.0,2.0,2.0,0.397466962890625,0.0,REGULAR,USD,2024-11-08
NDXP241108C22600000,2024-11-07 21:09:52+00:00,22600.0,0.05,0.0,0.2,0.0,0.0,7.0,107.0,0.4343318286132813,0.0,REGULAR,USD,2024-11-08
NDXP241108C22650000,2024-10-25 16:35:29+00:00,22650.0,2.55,0.0,20.0,0.0,0.0,1.0,1.0,0.7185391915893554,0.0,REGULAR,USD,2024-11-08
NDXP241108C22700000,2024-10-30 19:21:46+00:00,22700.0,1.55,0.0,20.0,0.0,0.0,,2.0,0.7370631762695312,0.0,REGULAR,USD,2024-11-08
NDXP241108C22850000,2024-10-11 14:45:11+00:00,22850.0,5.1,0.0,20.0,0.0,0.0,,1.0,0.7919637503051759,0.0,REGULAR,USD,2024-11-08
NDXP241108C22975000,2024-10-31 17:13:30+00:00,22975.0,0.7,0.0,20.0,0.0,0.0,,1.0,0.8369767279052733,0.0,REGULAR,USD,2024-11-08
NDXP241108C23000000,2024-11-07 21:09:34+00:00,23000.0,0.05,0.0,0.2,0.0,0.0,6.0,9.0,0.506840869140625,0.0,REGULAR,USD,2024-11-08
NDXP241108C23350000,2024-10-25 19:45:55+00:00,23350.0,0.75,0.0,0.05,0.0,0.0,4.0,4.0,0.5351608984375,0.0,REGULAR,USD,2024-11-08
NDXP241108C23400000,2024-10-25 20:03:28+00:00,23400.0,0.55,0.0,0.05,0.0,0.0,2.0,2.0,0.5449264257812501,0.0,REGULAR,USD,2024-11-08
NDXP241108C23450000,2024-10-31 13:38:36+00:00,23450.0,0.65,0.0,20.0,0.0,0.0,,1.0,1.0025684637451173,0.0,REGULAR,USD,2024-11-08
NDXP241108C23700000,2024-11-07 21:09:40+00:00,23700.0,0.05,0.0,0.05,0.0,0.0,11.0,13.0,0.6093789062500001,0.0,REGULAR,USD,2024-11-08
NDXP241111C18650000,2024-10-30 14:13:53+00:00,18650.0,1925.25,2457.5,2489.8,0.0,0.0,,1.0,0.5519759158325196,1.0,REGULAR,USD,2024-11-11
NDXP241111C19250000,2024-10-28 13:37:28+00:00,19250.0,1302.1,1857.7,1889.7,0.0,0.0,,1.0,0.532032877960205,1.0,REGULAR,USD,2024-11-11
NDXP241111C19500000,2024-11-04 20:48:48+00:00,19500.0,1642.23,1609.4,1639.8,1005.07996,157.7462,1.0,2.0,0.47189859161376957,1.0,REGULAR,USD,2024-11-11
NDXP241111C19550000,2024-10-28 14:05:33+00:00,19550.0,1024.0,1559.4,1589.8,0.0,0.0,,1.0,0.45972219970703126,1.0,REGULAR,USD,2024-11-11
NDXP241111C19725000,2024-10-28 14:08:29+00:00,19725.0,884.0,1383.4,1414.9,0.0,0.0,,1.0,0.4173337075805663,1.0,REGULAR,USD,2024-11-11
NDXP241111C19750000,2024-11-01 15:05:01+00:00,19750.0,577.24,1358.5,1387.5,0.0,0.0,1.0,4.0,0.4014876136016846,1.0,REGULAR,USD,2024-11-11
NDXP241111C19950000,2024-10-29 17:02:04+00:00,19950.0,760.2,1158.5,1189.9,0.0,0.0,1.0,0.0,0.3617312362670898,1.0,REGULAR,USD,2024-11-11
NDXP241111C20000000,2024-11-07 20:12:14+00:00,20000.0,1125.7,1109.7,1139.9,0.0,0.0,1.0,4.0,0.34926493026733396,1.0,REGULAR,USD,2024-11-11
NDXP241111C20050000,2024-11-04 18:47:15+00:00,20050.0,317.7,1059.7,1089.9,0.0,0.0,3.0,3.0,0.3367528483581543,1.0,REGULAR,USD,2024-11-11
NDXP241111C20150000,2024-11-06 15:15:53+00:00,20150.0,951.36,959.7,989.9,423.21997,80.13405,1.0,2.0,0.31154558090209955,1.0,REGULAR,USD,2024-11-11
NDXP241111C20200000,2024-11-07 17:52:18+00:00,20200.0,881.15,908.3,940.0,0.0,0.0,4.0,8.0,0.29917082672119133,1.0,REGULAR,USD,2024-11-11
NDXP241111C20250000,2024-11-06 15:16:07+00:00,20250.0,434.52,858.8,890.0,0.0,0.0,1.0,6.0,0.28639171867370605,1.0,REGULAR,USD,2024-11-11
NDXP241111C20280000,2024-11-07 17:09:53+00:00,20280.0,785.05,828.2,860.1,0.0,0.0,1.0,2.0,0.27899127998352047,1.0,REGULAR,USD,2024-11-11
NDXP241111C20300000,2024-11-01 14:04:10+00:00,20300.0,211.1,808.7,838.4,0.0,0.0,1.0,7.0,0.2686649977493286,1.0,REGULAR,USD,2024-11-11
NDXP241111C20400000,2024-11-08 20:08:29+00:00,20400.0,717.8,707.7,737.9,117.72998,19.619373,6.0,4.0,0.2415160688018799,1.0,REGULAR,USD,2024-11-11
NDXP241111C20425000,2024-11-08 20:08:29+00:00,20425.0,693.1,684.0,713.7,524.11,310.14264,6.0,3.0,0.23734283172607418,1.0,REGULAR,USD,2024-11-11
NDXP241111C20450000,2024-11-06 14:34:33+00:00,20450.0,275.53,659.1,688.8,0.0,0.0,1.0,2.0,0.2310867907714844,1.0,REGULAR,USD,2024-11-11
NDXP241111C20470000,2024-11-06 14:34:33+00:00,20470.0,262.57,0.0,0.0,0.0,0.0,,0.0,1.0000000000000003e-05,1.0,REGULAR,USD,2024-11-11
NDXP241111C20475000,2024-10-31 15:50:06+00:00,20475.0,136.75,633.0,663.1,0.0,0.0,,1.0,0.2225953595733642,1.0,REGULAR,USD,2024-11-11
NDXP241111C20480000,2024-11-01 19:33:56+00:00,20480.0,142.8,628.0,658.1,0.0,0.0,1.0,1.0,0.22128693149566653,1.0,REGULAR,USD,2024-11-11
NDXP241111C20500000,2024-11-07 14:41:17+00:00,20500.0,492.15,609.3,639.0,0.0,0.0,4.0,13.0,0.21846026908874508,1.0,REGULAR,USD,2024-11-11
NDXP241111C20525000,2024-11-01 14:12:49+00:00,20525.0,143.59,584.4,614.1,0.0,0.0,2.0,3.0,0.2120783443832397,1.0,REGULAR,USD,2024-11-11
NDXP241111C20530000,2024-11-06 19:11:00+00:00,20530.0,293.03,578.3,608.4,0.0,0.0,3.0,4.0,0.20890836265563958,1.0,REGULAR,USD,2024-11-11
NDXP241111C20550000,2024-11-07 15:34:07+00:00,20550.0,459.67,558.4,588.5,0.0,0.0,5.0,6.0,0.203846310005188,1.0,REGULAR,USD,2024-11-11
NDXP241111C20560000,2024-11-04 16:31:00+00:00,20560.0,100.6,549.6,579.3,0.0,0.0,4.0,5.0,0.20321689125061035,1.0,REGULAR,USD,2024-11-11
NDXP241111C20575000,2024-10-31 20:00:50+00:00,20575.0,102.1,534.7,564.4,0.0,0.0,,3.0,0.19942130542755127,1.0,REGULAR,USD,2024-11-11
NDXP241111C20580000,2024-11-01 16:01:56+00:00,20580.0,132.4,528.6,558.6,0.0,0.0,1.0,1.0,0.19606059074401858,1.0,REGULAR,USD,2024-11-11
NDXP241111C20590000,2024-11-06 14:51:40+00:00,20590.0,170.0,518.6,548.7,0.0,0.0,2.0,0.0,0.19361920890808107,1.0,REGULAR,USD,2024-11-11
NDXP241111C20600000,2024-11-07 14:32:46+00:00,20600.0,363.65,508.7,538.7,0.0,0.0,1.0,2.0,0.19091461559295653,1.0,REGULAR,USD,2024-11-11
NDXP241111C20625000,2024-10-31 18:05:05+00:00,20625.0,92.6,485.0,513.5,0.0,0.0,,2.0,0.18363624599456785,1.0,REGULAR,USD,2024-11-11
NDXP241111C20650000,2024-11-08 16:34:35+00:00,20650.0,454.7,459.1,489.1,135.67001,42.525784,2.0,8.0,0.17822705936431887,1.0,REGULAR,USD,2024-11-11
NDXP241111C20660000,2024-11-01 17:38:24+00:00,20660.0,94.0,450.3,478.3,0.0,0.0,2.0,2.0,0.17358843387603762,1.0,REGULAR,USD,2024-11-11
NDXP241111C20670000,2024-11-01 17:38:24+00:00,20670.0,91.4,440.4,468.4,0.0,0.0,1.0,1.0,0.17107457351684574,1.0,REGULAR,USD,2024-11-11
NDXP241111C20675000,2024-11-07 14:36:09+00:00,20675.0,429.95,434.3,464.2,126.82001,41.836838,1.0,9.0,0.17154377658843994,1.0,REGULAR,USD,2024-11-11
NDXP241111C20690000,2024-11-01 17:33:10+00:00,20690.0,89.3,420.4,444.1,0.0,0.0,2.0,2.0,0.15520177692413334,1.0,REGULAR,USD,2024-11-11
NDXP241111C20700000,2024-11-08 21:14:04+00:00,20700.0,417.25,410.3,434.1,15.079987,3.7496545,5.0,14.0,0.15252770088195802,1.0,REGULAR,USD,2024-11-11
NDXP241111C20710000,2024-11-06 18:05:03+00:00,20710.0,153.8,400.6,424.1,0.0,0.0,7.0,8.0,0.14984218086242676,1.0,REGULAR,USD,2024-11-11
NDXP241111C20720000,2024-11-07 19:20:07+00:00,20720.0,384.23,390.6,413.3,0.0,0.0,5.0,9.0,0.1451692234420776,1.0,REGULAR,USD,2024-11-11
NDXP241111C20725000,2024-11-08 17:30:50+00:00,20725.0,373.8,384.9,412.3,2.4499817,0.65975,2.0,9.0,0.15330207668304446,1.0,REGULAR,USD,2024-11-11
NDXP241111C20730000,2024-11-07 16:13:00+00:00,20730.0,340.62,380.7,403.5,0.0,0.0,5.0,7.0,0.1429796091079712,1.0,REGULAR,USD,2024-11-11
NDXP241111C20740000,2024-11-07 20:26:07+00:00,20740.0,417.04,371.3,393.7,0.0,0.0,2.0,5.0,0.14076710681915283,1.0,REGULAR,USD,2024-11-11
NDXP241111C20750000,2024-11-08 17:09:04+00:00,20750.0,358.45,361.5,383.8,-43.75,-10.877672,5.0,6.0,0.1382913930511475,1.0,REGULAR,USD,2024-11-11
NDXP241111C20760000,2024-11-08 16:43:51+00:00,20760.0,337.07,351.7,374.4,-24.449982,-6.7631063,1.0,3.0,0.13696770633697514,1.0,REGULAR,USD,2024-11-11
NDXP241111C20775000,2024-11-07 20:26:22+00:00,20775.0,377.7,335.8,360.9,0.0,0.0,6.0,2.0,0.13618951587677003,1.0,REGULAR,USD,2024-11-11
NDXP241111C20780000,2024-11-08 17:09:04+00:00,20780.0,328.77,330.9,355.9,20.619995,6.691545,4.0,6.0,0.134785721321106,1.0,REGULAR,USD,2024-11-11
NDXP241111C20800000,2024-11-07 20:58:36+00:00,20800.0,316.65,311.4,338.0,-11.980011,-3.6454403,1.0,11.0,0.13352688381195066,1.0,REGULAR,USD,2024-11-11
NDXP241111C20825000,2024-11-07 20:53:50+00:00,20825.0,294.1,287.3,314.5,-16.350006,-5.2665505,1.0,4.0,0.12918961639404297,1.0,REGULAR,USD,2024-11-11
NDXP241111C20900000,2024-11-08 18:00:44+00:00,20900.0,217.95,227.1,236.2,-14.150009,-6.096514,6.0,48.0,0.10044234527587889,1.0,REGULAR,USD,2024-11-11
NDXP241111C20925000,2024-11-08 15:30:43+00:00,20925.0,188.35,204.2,212.8,-46.309998,-19.734936,4.0,28.0,0.09558628421783448,1.0,REGULAR,USD,2024-11-11
NDXP241111C20950000,2024-11-08 18:27:18+00:00,20950.0,188.4,181.8,191.0,-12.12001,-6.0442896,16.0,19.0,0.09282637834548951,1.0,REGULAR,USD,2024-11-11
NDXP241111C21000000,2024-11-08 20:57:38+00:00,21000.0,140.33,138.7,145.5,-39.949997,-22.159971,7.0,16.0,0.08218920139312745,1.0,REGULAR,USD,2024-11-11
NDXP241111C21025000,2024-11-08 17:00:07+00:00,21025.0,120.8,118.8,124.1,-42.899994,-26.206472,1.0,40.0,0.07764975704193117,1.0,REGULAR,USD,2024-11-11
NDXP241111C21050000,2024-11-08 20:04:48+00:00,21050.0,102.75,100.7,106.1,-50.550003,-32.974564,244.0,48.0,0.07634514362335208,1.0,REGULAR,USD,2024-11-11
NDXP241111C21075000,2024-11-08 20:55:00+00:00,21075.0,79.81,84.5,88.2,-50.990005,-38.983185,157.0,34.0,0.07369395553588867,1.0,REGULAR,USD,2024-11-11
NDXP241111C21100000,2024-11-08 21:14:04+00:00,21100.0,69.0,68.2,71.4,-54.35,-44.061615,223.0,19.0,0.07080816591262817,1.0,REGULAR,USD,2024-11-11
NDXP241111C21125000,2024-11-08 21:01:53+00:00,21125.0,57.58,55.1,58.0,-51.519997,-47.22273,112.0,43.0,0.07008528800964356,0.0,REGULAR,USD,2024-11-11
NDXP241111C21150000,2024-11-08 21:10:40+00:00,21150.0,42.75,42.0,44.4,-54.75,-56.153847,186.0,10.0,0.06725862560272218,0.0,REGULAR,USD,2024-11-11
NDXP241111C21175000,2024-11-08 18:35:56+00:00,21175.0,43.55,32.0,34.1,-29.3,-40.21963,7.0,8.0,0.06625727758407593,0.0,REGULAR,USD,2024-11-11
NDXP241111C21200000,2024-11-08 21:14:04+00:00,21200.0,25.25,24.5,26.2,-42.25,-62.592594,84.0,21.0,0.06622103832244876,0.0,REGULAR,USD,2024-11-11
NDXP241111C21250000,2024-11-08 21:14:24+00:00,21250.0,14.01,13.2,14.3,-36.940002,-72.50245,72.0,10.0,0.06565265411376953,0.0,REGULAR,USD,2024-11-11
NDXP241111C21275000,2024-11-08 20:16:29+00:00,21275.0,11.5,9.8,10.8,-26.779999,-69.958206,23.0,61.0,0.06659487491607666,0.0,REGULAR,USD,2024-11-11
NDXP241111C21300000,2024-11-08 20:57:28+00:00,21300.0,8.7,6.9,7.8,-23.55,-73.023254,39.0,11.0,0.06684664241790772,0.0,REGULAR,USD,2024-11-11
NDXP241111C21325000,2024-11-08 20:57:46+00:00,21325.0,6.0,5.0,5.8,-22.41,-78.88068,14.0,40.0,0.06787278572082522,0.0,REGULAR,USD,2024-11-11
NDXP241111C21350000,2024-11-08 20:59:42+00:00,21350.0,4.31,3.6,4.3,-18.69,-81.26087,85.0,13.0,0.06894851959228517,0.0,REGULAR,USD,2024-11-11
NDXP241111C21400000,2024-11-08 21:02:34+00:00,21400.0,2.3,1.75,2.25,-13.7,-85.625,53.0,13.0,0.0706422282409668,0.0,REGULAR,USD,2024-11-11
NDXP241111C21425000,2024-10-31 18:05:46+00:00,21425.0,1.5,1.25,1.75,-7.6000004,-83.51649,3.0,1.0,0.07247326461791992,0.0,REGULAR,USD,2024-11-11
NDXP241111C21475000,2024-11-08 20:41:21+00:00,21475.0,0.9,0.6,1.1,-9.900001,-91.328415,54.0,36.0,0.07640999282836916,0.0,REGULAR,USD,2024-11-11
NDXP241111C21500000,2024-11-08 21:03:15+00:00,21500.0,0.77,0.45,0.9,-7.23,-90.375,66.0,39.0,0.07862249511718751,0.0,REGULAR,USD,2024-11-11
NDXP241111C21525000,2024-11-08 21:02:36+00:00,21525.0,0.65,0.35,0.8,-5.25,-88.98305,13.0,19.0,0.08165896377563478,0.0,REGULAR,USD,2024-11-11
NDXP241111C21550000,2024-11-08 21:04:20+00:00,21550.0,0.57,0.2,0.55,-4.33,-88.36735,9.0,28.0,0.08188784332275392,0.0,REGULAR,USD,2024-11-11
NDXP241111C21575000,2024-11-08 21:04:20+00:00,21575.0,0.37,0.2,0.65,-4.33,-92.12766,4.0,41.0,0.08777767700195313,0.0,REGULAR,USD,2024-11-11
NDXP241111C21600000,2024-11-08 20:37:25+00:00,21600.0,0.46,0.15,0.55,-2.94,-86.47059,148.0,19.0,0.09003595520019532,0.0,REGULAR,USD,2024-11-11
NDXP241111C21625000,2024-11-08 20:45:36+00:00,21625.0,0.45,0.1,0.5,-2.51,-84.797295,6.0,3.0,0.09299613067626952,0.0,REGULAR,USD,2024-11-11
NDXP241111C21700000,2024-11-08 20:36:37+00:00,21700.0,0.4,0.05,0.4,-26.1,-98.49056,130.0,0.0,0.1022428643798828,0.0,REGULAR,USD,2024-11-11
NDXP241111C21725000,2024-11-08 20:20:02+00:00,21725.0,0.4,0.0,0.4,-1.6,-80.0,6.0,13.0,0.10602700622558593,0.0,REGULAR,USD,2024-11-11
NDXP241111C21750000,2024-11-08 14:47:41+00:00,21750.0,0.54,0.0,0.4,-1.6600001,-75.45455,43.0,12.0,0.1098721826171875,0.0,REGULAR,USD,2024-11-11
NDXP241111C21900000,2024-11-08 20:33:02+00:00,21900.0,0.2,0.0,0.2,-0.7,-77.77778,7.0,2.0,0.12342185180664064,0.0,REGULAR,USD,2024-11-11
NDXP241111C22000000,2024-11-08 21:01:44+00:00,22000.0,0.1,0.0,0.35,-0.62,-86.11111,49.0,8.0,0.1450280810546875,0.0,REGULAR,USD,2024-11-11
NDXP241111C22250000,2024-11-08 20:04:29+00:00,22250.0,0.05,0.0,0.3,-0.65,-92.85715,28.0,73.0,0.17786466674804688,0.0,REGULAR,USD,2024-11-11
NDXP241111C22300000,2024-11-08 21:08:53+00:00,22300.0,0.1,0.0,0.3,-3.25,-97.01493,4.0,4.0,0.18470053588867186,0.0,REGULAR,USD,2024-11-11
NDXP241111C23000000,2024-11-08 21:09:17+00:00,23000.0,0.05,0.0,0.25,-1.1700001,-95.90164,3.0,1.0,0.27295648925781246,0.0,REGULAR,USD,2024-11-11
NDXP241111C23125000,2024-10-24 15:52:14+00:00,23125.0,1.05,0.0,0.25,0.0,0.0,,1.0,0.2885813330078124,0.0,REGULAR,USD,2024-11-11
NDXP241112C17650000,2024-10-29 14:51:32+00:00,17650.0,2824.6,3460.6,3490.8,0.0,0.0,,1.0,0.7063170237731935,1.0,REGULAR,USD,2024-11-12
NDXP241112C19100000,2024-11-07 14:39:49+00:00,19100.0,1855.17,2010.3,2040.7,0.0,0.0,1.0,2.0,0.5126086337280272,1.0,REGULAR,USD,2024-11-12
NDXP241112C19150000,2024-11-07 14:39:49+00:00,19150.0,1805.27,1961.5,1991.5,0.0,0.0,1.0,2.0,0.5051319018554687,1.0,REGULAR,USD,2024-11-12
NDXP241112C19600000,2024-10-29 13:46:47+00:00,19600.0,939.4,1510.7,1540.9,0.0,0.0,,1.0,0.4043180906677246,1.0,REGULAR,USD,2024-11-12
NDXP241112C19900000,2024-10-09 15:27:27+00:00,19900.0,758.89,1211.2,1241.3,0.0,0.0,,1.0,0.3391866008758544,1.0,REGULAR,USD,2024-11-12
NDXP241112C20000000,2024-11-08 20:04:39+00:00,20000.0,1127.65,1112.6,1142.3,342.77002,43.671642,11.0,6.0,0.31973946868896475,1.0,REGULAR,USD,2024-11-12
NDXP241112C20200000,2024-11-06 14:59:07+00:00,20200.0,454.6,913.4,943.1,0.0,0.0,1.0,7.0,0.2760845097351074,1.0,REGULAR,USD,2024-11-12
NDXP241112C20225000,2024-11-05 15:01:26+00:00,20225.0,293.97,887.4,917.4,0.0,0.0,1.0,2.0,0.26840941558837883,1.0,REGULAR,USD,2024-11-12
NDXP241112C20250000,2024-11-05 19:37:40+00:00,20250.0,275.67,863.7,893.3,0.0,0.0,6.0,6.0,0.2649418904495239,1.0,REGULAR,USD,2024-11-12
NDXP241112C20375000,2024-10-28 15:56:18+00:00,20375.0,410.2,738.4,768.3,0.0,0.0,,1.0,0.23540117023468016,1.0,REGULAR,USD,2024-11-12
NDXP241112C20400000,2024-11-06 19:34:13+00:00,20400.0,436.07,714.3,744.3,0.0,0.0,1.0,2.0,0.23176580009460448,1.0,REGULAR,USD,2024-11-12
NDXP241112C20450000,2024-11-07 19:55:07+00:00,20450.0,651.82,665.2,694.6,0.0,0.0,6.0,8.0,0.22032945205688476,1.0,REGULAR,USD,2024-11-12
NDXP241112C20475000,2024-10-22 18:05:08+00:00,20475.0,407.27,640.5,669.9,0.0,0.0,,1.0,0.21487830417633058,1.0,REGULAR,USD,2024-11-12
NDXP241112C20500000,2024-11-08 20:36:56+00:00,20500.0,616.95,615.7,645.1,383.95,164.7854,6.0,4.0,0.209156315498352,1.0,REGULAR,USD,2024-11-12
NDXP241112C20550000,2024-10-31 20:00:50+00:00,20550.0,118.2,565.3,594.9,0.0,0.0,,1.0,0.1963199875640869,1.0,REGULAR,USD,2024-11-12
NDXP241112C20575000,2024-11-06 15:04:42+00:00,20575.0,203.35,541.9,571.0,0.0,0.0,1.0,20.0,0.19228407821655275,1.0,REGULAR,USD,2024-11-12
NDXP241112C20600000,2024-11-08 20:06:10+00:00,20600.0,530.07,516.3,545.7,245.23001,86.093956,1.0,23.0,0.18534902793884275,1.0,REGULAR,USD,2024-11-12
NDXP241112C20625000,2024-11-08 20:06:10+00:00,20625.0,505.72,492.9,521.9,185.54001,57.948654,1.0,1.0,0.18127497200012205,1.0,REGULAR,USD,2024-11-12
NDXP241112C20640000,2024-11-01 13:44:08+00:00,20640.0,105.4,477.1,506.4,0.0,0.0,4.0,4.0,0.17645324287414552,1.0,REGULAR,USD,2024-11-12
NDXP241112C20700000,2024-11-08 16:54:04+00:00,20700.0,425.17,420.4,447.4,247.67001,139.53241,1.0,4.0,0.1625907716369629,1.0,REGULAR,USD,2024-11-12
NDXP241112C20710000,2024-11-01 18:30:31+00:00,20710.0,82.6,409.6,438.4,0.0,0.0,1.0,1.0,0.16168288276672363,1.0,REGULAR,USD,2024-11-12
NDXP241112C20750000,2024-11-08 17:09:04+00:00,20750.0,370.87,371.6,396.1,-46.26001,-11.09007,5.0,7.0,0.1469811865234375,1.0,REGULAR,USD,2024-11-12
NDXP241112C20770000,2024-11-01 18:30:31+00:00,20770.0,69.2,353.7,381.0,0.0,0.0,1.0,1.0,0.14963428194046022,1.0,REGULAR,USD,2024-11-12
NDXP241112C20780000,2024-11-08 17:09:04+00:00,20780.0,342.68,351.6,363.8,278.33,432.52518,4.0,2.0,0.13498026893615725,1.0,REGULAR,USD,2024-11-12
NDXP241112C20800000,2024-11-07 20:58:36+00:00,20800.0,344.17,333.7,344.4,0.0,0.0,2.0,5.0,0.13059722560882564,1.0,REGULAR,USD,2024-11-12
NDXP241112C20825000,2024-11-07 16:58:30+00:00,20825.0,326.58,310.4,320.2,0.0,0.0,2.0,3.0,0.12504689659118653,1.0,REGULAR,USD,2024-11-12
NDXP241112C20925000,2024-11-07 19:31:28+00:00,20925.0,232.21,222.4,232.2,0.0,0.0,15.0,4.0,0.11259203456878662,1.0,REGULAR,USD,2024-11-12
NDXP241112C20950000,2024-11-07 19:17:45+00:00,20950.0,227.9,201.8,210.2,0.0,0.0,6.0,6.0,0.10827002578735351,1.0,REGULAR,USD,2024-11-12
NDXP241112C20975000,2024-11-08 19:44:06+00:00,20975.0,207.97,183.0,190.2,9.970001,5.035354,1.0,7.0,0.10582482929229735,1.0,REGULAR,USD,2024-11-12
NDXP241112C21000000,2024-11-08 16:03:51+00:00,21000.0,136.8,163.1,170.3,-47.449997,-25.75305,10.0,31.0,0.10278645330429076,1.0,REGULAR,USD,2024-11-12
NDXP241112C21025000,2024-11-07 15:14:55+00:00,21025.0,159.06,145.5,151.9,18.149994,12.880557,1.0,7.0,0.10066741016387938,1.0,REGULAR,USD,2024-11-12
NDXP241112C21075000,2024-11-08 19:44:06+00:00,21075.0,133.71,113.0,117.6,-17.409988,-11.520638,10.0,24.0,0.09645221183776856,1.0,REGULAR,USD,2024-11-12
NDXP241112C21100000,2024-11-08 16:33:46+00:00,21100.0,100.1,98.1,102.0,-23.5,-19.012945,12.0,5.0,0.09450292102813722,1.0,REGULAR,USD,2024-11-12
NDXP241112C21125000,2024-11-08 18:15:36+00:00,21125.0,89.8,85.2,88.4,-36.32,-28.79797,24.0,37.0,0.09353399761199953,0.0,REGULAR,USD,2024-11-12
NDXP241112C21150000,2024-11-08 20:58:20+00:00,21150.0,74.07,71.7,74.6,-26.68,-26.48139,22.0,18.0,0.0912528314590454,0.0,REGULAR,USD,2024-11-12
NDXP241112C21200000,2024-11-08 18:50:40+00:00,21200.0,61.0,50.4,52.8,-22.699997,-27.120667,2.0,11.0,0.08914904695510867,0.0,REGULAR,USD,2024-11-12
NDXP241112C21225000,2024-11-08 14:50:09+00:00,21225.0,55.63,41.4,43.5,-6.2700005,-10.129241,1.0,2.0,0.08798557592391967,0.0,REGULAR,USD,2024-11-12
NDXP241112C21250000,2024-11-08 21:03:33+00:00,21250.0,35.5,33.6,35.5,-31.0,-46.616543,12.0,3.0,0.0870395404624939,0.0,REGULAR,USD,2024-11-12
NDXP241112C21275000,2024-11-01 16:28:26+00:00,21275.0,16.7,27.0,28.9,0.0,0.0,1.0,1.0,0.08654172744750976,0.0,REGULAR,USD,2024-11-12
NDXP241112C21300000,2024-11-08 21:02:54+00:00,21300.0,23.23,21.8,23.4,-25.920002,-52.736523,7.0,11.0,0.0862727939796448,0.0,REGULAR,USD,2024-11-12
NDXP241112C21350000,2024-11-08 20:33:10+00:00,21350.0,13.08,13.5,14.8,1.1800003,9.915969,16.0,5.0,0.08566817050933838,0.0,REGULAR,USD,2024-11-12
NDXP241112C21375000,2024-11-08 19:11:51+00:00,21375.0,16.26,10.6,11.6,10.76,195.63637,2.0,13.0,0.08544692028045657,0.0,REGULAR,USD,2024-11-12
NDXP241112C21400000,2024-11-08 18:11:31+00:00,21400.0,10.6,8.3,9.3,-15.719999,-59.72644,7.0,27.0,0.08599241653442385,0.0,REGULAR,USD,2024-11-12
NDXP241112C21525000,2024-11-07 14:30:15+00:00,21525.0,5.3,2.45,3.1,0.0,0.0,1.0,3.0,0.09009698974609376,0.0,REGULAR,USD,2024-11-12
NDXP241112C21800000,2024-11-08 18:50:48+00:00,21800.0,0.76,0.3,0.8,-2.42,-76.100624,3.0,5.0,0.11374787628173827,0.0,REGULAR,USD,2024-11-12
NDXP241112C21825000,2024-11-08 15:21:24+00:00,21825.0,0.77,0.25,0.75,-2.1100001,-73.26389,1.0,2.0,0.11640287902832032,0.0,REGULAR,USD,2024-11-12
NDXP241112C21950000,2024-10-28 13:30:40+00:00,21950.0,11.1,0.15,0.55,0.0,0.0,,2.0,0.12934220275878905,0.0,REGULAR,USD,2024-11-12
NDXP241112C21975000,2024-11-06 15:58:02+00:00,21975.0,1.11,0.15,0.55,0.0,0.0,14.0,16.0,0.13269910278320313,0.0,REGULAR,USD,2024-11-12
NDXP241112C22000000,2024-11-01 13:30:51+00:00,22000.0,2.67,0.1,0.55,0.0,0.0,1.0,7.0,0.1360560028076172,0.0,REGULAR,USD,2024-11-12
NDXP241112C22025000,2024-11-01 13:30:51+00:00,22025.0,2.55,0.1,0.55,0.0,0.0,1.0,1.0,0.13941290283203128,0.0,REGULAR,USD,2024-11-12
NDXP241112C22050000,2024-11-05 15:23:51+00:00,22050.0,1.72,0.0,0.55,0.0,0.0,4.0,0.0,0.1427698028564453,0.0,REGULAR,USD,2024-11-12
NDXP241112C22075000,2024-11-06 15:58:02+00:00,22075.0,0.89,0.1,0.55,0.0,0.0,14.0,16.0,0.14606566833496093,0.0,REGULAR,USD,2024-11-12
NDXP241112C22100000,2024-11-05 15:23:51+00:00,22100.0,1.58,0.1,0.55,0.0,0.0,4.0,2.0,0.14939205108642578,0.0,REGULAR,USD,2024-11-12
NDXP241112C22150000,2024-11-07 18:53:23+00:00,22150.0,1.0,0.05,0.5,0.0,0.0,2.0,3.0,0.1544274011230469,0.0,REGULAR,USD,2024-11-12
NDXP241112C22175000,2024-11-07 16:54:12+00:00,22175.0,1.0,0.0,0.5,0.0,0.0,1.0,2.0,0.15766223205566404,0.0,REGULAR,USD,2024-11-12
NDXP241112C22200000,2024-10-29 13:39:35+00:00,22200.0,4.9,0.05,0.5,0.0,0.0,1.0,1.0,0.16089706298828127,0.0,REGULAR,USD,2024-11-12
NDXP241112C22400000,2024-10-31 19:55:57+00:00,22400.0,1.71,0.0,0.5,0.0,0.0,1.0,1.0,0.18647053771972655,0.0,REGULAR,USD,2024-11-12
NDXP241112C22500000,2024-10-29 19:51:26+00:00,22500.0,4.83,0.0,0.45,0.0,0.0,,3.0,0.19696847961425779,0.0,REGULAR,USD,2024-11-12
NDXP241112C22600000,2024-10-18 13:30:40+00:00,22600.0,5.2,0.0,0.45,0.0,0.0,1.0,1.0,0.20929745788574217,0.0,REGULAR,USD,2024-11-12
NDXP241112C22650000,2024-10-31 19:55:57+00:00,22650.0,1.33,0.0,0.4,0.0,0.0,1.0,2.0,0.21302056518554688,0.0,REGULAR,USD,2024-11-12
NDXP241112C22675000,2024-10-18 13:30:41+00:00,22675.0,5.1,0.0,0.4,0.0,0.0,2.0,2.0,0.2160112579345703,0.0,REGULAR,USD,2024-11-12
NDXP241112C22700000,2024-11-07 14:30:24+00:00,22700.0,0.33,0.0,0.4,0.0,0.0,1.0,2.0,0.21900195068359374,0.0,REGULAR,USD,2024-11-12
NDXP241112C22725000,2024-11-07 14:30:24+00:00,22725.0,0.33,0.0,0.4,0.0,0.0,1.0,3.0,0.22205367797851558,0.0,REGULAR,USD,2024-11-12
NDXP241112C22750000,2024-10-18 13:30:41+00:00,22750.0,4.8,0.0,0.4,0.0,0.0,1.0,1.0,0.2249833361816406,0.0,REGULAR,USD,2024-11-12
NDXP241112C22800000,2024-10-18 13:30:41+00:00,22800.0,4.3,0.0,0.4,0.0,0.0,1.0,1.0,0.2309647216796875,0.0,REGULAR,USD,2024-11-12
NDXP241112C22825000,2024-10-18 13:30:41+00:00,22825.0,4.6,0.0,0.4,0.0,0.0,1.0,1.0,0.23401644897460935,0.0,REGULAR,USD,2024-11-12
NDXP241112C22850000,2024-10-18 13:30:41+00:00,22850.0,4.2,0.0,0.35,0.0,0.0,1.0,1.0,0.23401644897460935,0.0,REGULAR,USD,2024-11-12
NDXP241112C22875000,2024-10-18 13:30:41+00:00,22875.0,4.5,0.0,0.35,0.0,0.0,1.0,1.0,0.23694610717773437,0.0,REGULAR,USD,2024-11-12
NDXP241112C22900000,2024-10-18 13:30:41+00:00,22900.0,0.25,0.0,0.35,-3.85,-93.90244,1.0,1.0,0.23987576538085933,0.0,REGULAR,USD,2024-11-12
NDXP241112C22925000,2024-10-18 13:30:40+00:00,22925.0,4.4,0.0,0.35,0.0,0.0,1.0,1.0,0.24280542358398435,0.0,REGULAR,USD,2024-11-12
NDXP241112C22950000,2024-10-18 13:30:41+00:00,22950.0,4.4,0.0,0.35,0.0,0.0,1.0,1.0,0.24573508178710937,0.0,REGULAR,USD,2024-11-12
NDXP241112C23075000,2024-10-18 13:30:41+00:00,23075.0,3.9,0.0,0.35,0.0,0.0,1.0,1.0,0.2602613037109375,0.0,REGULAR,USD,2024-11-12
NDXP241112C23100000,2024-11-08 20:05:05+00:00,23100.0,0.2,0.0,0.35,-3.7,-94.871796,1.0,1.0,0.26306889282226564,0.0,REGULAR,USD,2024-11-12
NDXP241112C23300000,2024-10-18 13:30:42+00:00,23300.0,3.9,0.0,0.3,0.0,0.0,1.0,1.0,0.2819896020507812,0.0,REGULAR,USD,2024-11-12
NDXP241113C19600000,2024-10-30 13:40:57+00:00,19600.0,1018.24,1513.7,1544.0,0.0,0.0,,1.0,0.37905360332489013,1.0,REGULAR,USD,2024-11-13
NDXP241113C19750000,2024-11-05 19:34:07+00:00,19750.0,629.9,1364.0,1394.3,0.0,0.0,2.0,6.0,0.34917337844848634,1.0,REGULAR,USD,2024-11-13
NDXP241113C20000000,2024-10-30 13:39:55+00:00,20000.0,716.5,1115.1,1145.2,0.0,0.0,1.0,2.0,0.2995789952468872,1.0,REGULAR,USD,2024-11-13
NDXP241113C20100000,2024-11-04 16:50:15+00:00,20100.0,300.0,1015.8,1045.8,0.0,0.0,1.0,0.0,0.27988772487640373,1.0,REGULAR,USD,2024-11-13
NDXP241113C20125000,2024-11-07 20:41:07+00:00,20125.0,1008.28,990.9,1021.0,0.0,0.0,15.0,1.0,0.27503166381835936,1.0,REGULAR,USD,2024-11-13
NDXP241113C20175000,2024-10-24 16:22:08+00:00,20175.0,436.0,942.5,972.1,0.0,0.0,,2.0,0.2668530346679688,1.0,REGULAR,USD,2024-11-13
NDXP241113C20200000,2024-11-07 18:13:12+00:00,20200.0,882.8,916.6,946.6,0.0,0.0,3.0,3.0,0.2602841916656494,1.0,REGULAR,USD,2024-11-13
NDXP241113C20250000,2024-11-05 19:34:07+00:00,20250.0,299.8,868.3,897.8,0.0,0.0,2.0,6.0,0.2520750452423096,1.0,REGULAR,USD,2024-11-13
NDXP241113C20300000,2024-11-06 14:40:08+00:00,20300.0,477.6,817.7,847.6,0.0,0.0,2.0,2.0,0.24063488254547116,1.0,REGULAR,USD,2024-11-13
NDXP241113C20325000,2024-10-31 18:33:21+00:00,20325.0,200.8,794.3,823.7,0.0,0.0,,1.0,0.23740768093109127,1.0,REGULAR,USD,2024-11-13
NDXP241113C20375000,2024-10-23 13:34:13+00:00,20375.0,385.2,745.2,774.4,0.0,0.0,,0.0,0.22762308029174805,1.0,REGULAR,USD,2024-11-13
NDXP241113C20400000,2024-11-07 16:11:09+00:00,20400.0,654.99,720.7,749.8,0.0,0.0,1.0,4.0,0.22275557525634765,1.0,REGULAR,USD,2024-11-13
NDXP241113C20475000,2024-11-06 15:06:04+00:00,20475.0,288.86,647.6,676.4,0.0,0.0,2.0,2.0,0.2085650433349609,1.0,REGULAR,USD,2024-11-13
NDXP241113C20500000,2024-11-05 20:04:27+00:00,20500.0,166.9,623.4,652.1,0.0,0.0,10.0,3.0,0.20399889636993407,1.0,REGULAR,USD,2024-11-13
NDXP241113C20600000,2024-11-08 20:36:07+00:00,20600.0,527.53,526.5,555.0,-38.419983,-6.7885823,2.0,40.0,0.18502859657287593,1.0,REGULAR,USD,2024-11-13
NDXP241113C20675000,2024-10-31 14:15:37+00:00,20675.0,447.0,456.5,484.1,325.4,267.59866,5.0,1.0,0.1726767303466797,1.0,REGULAR,USD,2024-11-13
NDXP241113C20700000,2024-11-06 18:22:19+00:00,20700.0,423.9,433.6,460.9,207.68999,96.05937,5.0,7.0,0.16887351520538335,1.0,REGULAR,USD,2024-11-13
NDXP241113C20725000,2024-11-06 14:38:20+00:00,20725.0,427.46,413.2,440.0,248.32999,138.63115,1.0,2.0,0.1680323828697205,1.0,REGULAR,USD,2024-11-13
NDXP241113C20750000,2024-11-07 19:42:16+00:00,20750.0,378.2,390.7,413.4,0.0,0.0,5.0,11.0,0.15919000303268432,1.0,REGULAR,USD,2024-11-13
NDXP241113C20800000,2024-11-06 20:47:30+00:00,20800.0,327.55,346.8,370.4,128.54999,64.597984,1.0,3.0,0.15455709953308108,1.0,REGULAR,USD,2024-11-13
NDXP241113C20850000,2024-11-08 17:07:09+00:00,20850.0,300.28,304.5,327.8,212.08,240.45352,2.0,1.0,0.14900486318588257,1.0,REGULAR,USD,2024-11-13
NDXP241113C20875000,2024-10-31 13:55:51+00:00,20875.0,81.3,282.9,306.3,0.0,0.0,,2.0,0.14547439617156982,1.0,REGULAR,USD,2024-11-13
NDXP241113C20975000,2024-11-07 14:42:36+00:00,20975.0,206.45,207.9,225.5,26.429993,14.681698,3.0,395.0,0.13312634460449219,1.0,REGULAR,USD,2024-11-13
NDXP241113C21000000,2024-11-08 18:25:33+00:00,21000.0,197.6,195.0,201.0,-24.84999,-11.171045,2.0,299.0,0.12471692857742309,1.0,REGULAR,USD,2024-11-13
NDXP241113C21025000,2024-11-07 17:09:37+00:00,21025.0,190.8,172.3,185.6,0.0,0.0,1.0,4.0,0.12478940710067749,1.0,REGULAR,USD,2024-11-13
NDXP241113C21050000,2024-11-07 20:26:07+00:00,21050.0,212.0,161.8,167.5,0.0,0.0,2.0,6.0,0.12162705469131471,1.0,REGULAR,USD,2024-11-13
NDXP241113C21075000,2024-11-08 15:20:08+00:00,21075.0,141.4,146.8,151.2,-55.550003,-28.205132,16.0,4.0,0.11954615814208984,1.0,REGULAR,USD,2024-11-13
NDXP241113C21100000,2024-11-08 19:07:28+00:00,21100.0,146.28,133.0,137.0,-19.070007,-11.533115,14.0,5.0,0.11874698705673217,1.0,REGULAR,USD,2024-11-13
NDXP241113C21125000,2024-11-08 15:51:40+00:00,21125.0,111.43,118.6,122.2,65.47,142.44997,2.0,5.0,0.11668325647354127,0.0,REGULAR,USD,2024-11-13
NDXP241113C21150000,2024-11-08 20:44:56+00:00,21150.0,100.0,105.2,108.6,-40.0,-28.571428,17.0,15.0,0.1149952698135376,0.0,REGULAR,USD,2024-11-13
NDXP241113C21175000,2024-11-07 15:05:17+00:00,21175.0,96.08,93.9,96.6,0.0,0.0,1.0,5.0,0.11403969770431518,0.0,REGULAR,USD,2024-11-13
NDXP241113C21200000,2024-11-08 19:52:58+00:00,21200.0,90.0,81.9,84.9,-35.0,-28.0,30.0,13.0,0.11258631258010865,0.0,REGULAR,USD,2024-11-13
NDXP241113C21250000,2024-11-05 19:58:05+00:00,21250.0,12.85,62.6,64.8,0.0,0.0,10.0,5.0,0.11043103017807004,0.0,REGULAR,USD,2024-11-13
NDXP241113C21275000,2024-11-07 14:43:13+00:00,21275.0,57.8,53.5,55.8,0.0,0.0,1.0,2.0,0.10914930471420287,0.0,REGULAR,USD,2024-11-13
NDXP241113C21300000,2024-11-07 20:08:26+00:00,21300.0,76.6,46.4,48.6,0.0,0.0,5.0,9.0,0.10894522045135498,0.0,REGULAR,USD,2024-11-13
NDXP241113C21325000,2024-11-07 19:36:47+00:00,21325.0,68.23,39.3,41.3,0.0,0.0,9.0,9.0,0.10778747140884401,0.0,REGULAR,USD,2024-11-13
NDXP241113C21450000,2024-11-08 20:27:20+00:00,21450.0,16.2,16.6,18.0,-33.399998,-67.33871,1.0,5.0,0.10609948474884033,0.0,REGULAR,USD,2024-11-13
NDXP241113C21900000,2024-11-08 18:38:51+00:00,21900.0,1.59,0.85,1.45,-1.7499999,-52.395206,5.0,1.0,0.12590900955200196,0.0,REGULAR,USD,2024-11-13
NDXP241113C22000000,2024-11-08 20:20:00+00:00,22000.0,0.7,0.55,1.1,-2.1,-74.99999,13.0,9.0,0.13465220825195315,0.0,REGULAR,USD,2024-11-13
NDXP241113C22150000,2024-11-07 15:22:01+00:00,22150.0,1.56,0.3,0.9,0.0,0.0,1.0,1.0,0.15039912109375003,0.0,REGULAR,USD,2024-11-13
NDXP241113C22175000,2024-10-28 13:30:40+00:00,22175.0,7.0,0.3,0.85,0.0,0.0,,2.0,0.15253533020019533,0.0,REGULAR,USD,2024-11-13
NDXP241113C22200000,2024-10-30 19:52:25+00:00,22200.0,6.27,0.3,0.8,0.0,0.0,,3.0,0.15454947021484378,0.0,REGULAR,USD,2024-11-13
NDXP241113C22300000,2024-11-08 16:26:44+00:00,22300.0,0.55,0.2,0.75,-4.35,-88.775505,1.0,1.0,0.16559672302246098,0.0,REGULAR,USD,2024-11-13
NDXP241113C22400000,2024-10-28 13:30:41+00:00,22400.0,4.0,0.15,0.7,0.0,0.0,,1.0,0.17633880310058597,0.0,REGULAR,USD,2024-11-13
NDXP241113C22450000,2024-10-30 20:14:56+00:00,22450.0,2.8,0.15,0.65,0.0,0.0,,7.0,0.18079432495117187,0.0,REGULAR,USD,2024-11-13
NDXP241114C17400000,2024-10-31 18:11:05+00:00,17400.0,2551.0,3715.6,3744.7,0.0,0.0,,1.0,0.6782411326599123,1.0,REGULAR,USD,2024-11-14
NDXP241114C18500000,2024-10-16 17:28:44+00:00,18500.0,1823.5,2616.8,2645.7,0.0,0.0,,1.0,0.5634580397796631,1.0,REGULAR,USD,2024-11-14
NDXP241114C19600000,2024-10-21 14:17:58+00:00,19600.0,1023.95,1519.5,1547.7,0.0,0.0,,1.0,0.3612505892181396,1.0,REGULAR,USD,2024-11-14
NDXP241114C19625000,2024-10-31 13:43:23+00:00,19625.0,761.7,1494.6,1522.8,0.0,0.0,,1.0,0.3566882569122314,1.0,REGULAR,USD,2024-11-14
NDXP241114C19650000,2024-10-31 13:43:57+00:00,19650.0,741.22,1469.7,1497.9,0.0,0.0,,1.0,0.3521182952880859,1.0,REGULAR,USD,2024-11-14
NDXP241114C19900000,2024-10-31 13:44:34+00:00,19900.0,567.6,1220.0,1248.3,0.0,0.0,,1.0,0.3043511338043213,1.0,REGULAR,USD,2024-11-14
NDXP241114C20050000,2024-11-06 15:28:36+00:00,20050.0,699.45,1072.4,1100.3,0.0,0.0,2.0,3.0,0.2790446852111816,1.0,REGULAR,USD,2024-11-14
NDXP241114C20075000,2024-11-06 15:28:36+00:00,20075.0,679.05,1046.4,1074.7,0.0,0.0,2.0,3.0,0.27271616573333735,1.0,REGULAR,USD,2024-11-14
NDXP241114C20100000,2024-11-07 15:54:41+00:00,20100.0,966.77,1022.9,1050.8,0.0,0.0,2.0,4.0,0.27000775775909425,1.0,REGULAR,USD,2024-11-14
NDXP241114C20200000,2024-10-25 19:09:22+00:00,20200.0,552.8,924.4,952.1,0.0,0.0,1.0,1.0,0.2521971143341064,1.0,REGULAR,USD,2024-11-14
NDXP241114C20300000,2024-11-05 15:56:14+00:00,20300.0,259.3,826.4,853.9,0.0,0.0,1.0,3.0,0.23474504886627195,1.0,REGULAR,USD,2024-11-14
NDXP241114C20325000,2024-10-21 16:47:45+00:00,20325.0,438.0,800.8,828.6,0.0,0.0,,2.0,0.22892006439208984,1.0,REGULAR,USD,2024-11-14
NDXP241114C20375000,2024-10-23 13:33:10+00:00,20375.0,397.32,752.4,779.9,0.0,0.0,,4.0,0.22056977558135987,1.0,REGULAR,USD,2024-11-14
NDXP241114C20400000,2024-11-07 19:50:26+00:00,20400.0,747.29,728.2,756.1,0.0,0.0,1.0,10.0,0.2172281341934204,1.0,REGULAR,USD,2024-11-14
NDXP241114C20425000,2024-10-31 17:24:38+00:00,20425.0,199.15,704.1,731.9,0.0,0.0,,4.0,0.2131235609817505,1.0,REGULAR,USD,2024-11-14
NDXP241114C20450000,2024-10-24 14:21:48+00:00,20450.0,313.95,680.2,707.4,0.0,0.0,,10.0,0.20845441822051997,1.0,REGULAR,USD,2024-11-14
NDXP241114C20475000,2024-10-29 19:19:16+00:00,20475.0,475.26,656.3,683.4,0.0,0.0,1.0,12.0,0.2045215046691894,1.0,REGULAR,USD,2024-11-14
NDXP241114C20500000,2024-11-07 19:50:26+00:00,20500.0,654.48,633.8,660.3,0.0,0.0,2.0,10.0,0.20187413124084472,1.0,REGULAR,USD,2024-11-14
NDXP241114C20600000,2024-11-07 19:50:26+00:00,20600.0,564.27,539.1,565.1,0.0,0.0,3.0,9.0,0.18579915771484373,1.0,REGULAR,USD,2024-11-14
NDXP241114C20625000,2024-11-01 13:48:57+00:00,20625.0,129.39,516.2,541.9,0.0,0.0,16.0,16.0,0.18230874462127683,1.0,REGULAR,USD,2024-11-14
NDXP241114C20675000,2024-10-31 17:24:38+00:00,20675.0,117.25,472.2,496.8,0.0,0.0,5.0,1.0,0.17649901878356936,1.0,REGULAR,USD,2024-11-14
NDXP241114C20700000,2024-11-05 20:25:05+00:00,20700.0,111.64,448.7,473.4,0.0,0.0,36.0,44.0,0.17224948852539065,1.0,REGULAR,USD,2024-11-14
NDXP241114C20750000,2024-11-06 16:39:11+00:00,20750.0,185.81,405.1,428.9,0.0,0.0,4.0,3.0,0.1659781889343262,1.0,REGULAR,USD,2024-11-14
NDXP241114C20775000,2024-10-29 19:19:16+00:00,20775.0,305.83,384.8,407.8,0.0,0.0,1.0,1.0,0.16379811124801638,1.0,REGULAR,USD,2024-11-14
NDXP241114C20800000,2024-11-08 15:42:28+00:00,20800.0,344.95,362.7,385.5,140.95001,69.09314,1.0,3.0,0.16001396940231324,1.0,REGULAR,USD,2024-11-14
NDXP241114C20850000,2024-11-08 15:42:28+00:00,20850.0,305.65,323.7,345.5,5.799988,1.9342964,1.0,20.0,0.15651783432006838,1.0,REGULAR,USD,2024-11-14
NDXP241114C20875000,2024-11-07 15:06:56+00:00,20875.0,282.87,303.0,323.8,0.0,0.0,1.0,1.0,0.15254105218887332,1.0,REGULAR,USD,2024-11-14
NDXP241114C20900000,2024-11-08 20:53:22+00:00,20900.0,286.1,289.6,297.7,4.5599976,1.6196624,1.0,9.0,0.1439809571266174,1.0,REGULAR,USD,2024-11-14
NDXP241114C20925000,2024-11-01 13:48:57+00:00,20925.0,60.4,264.8,284.4,0.0,0.0,16.0,16.0,0.14760488328933716,1.0,REGULAR,USD,2024-11-14
NDXP241114C21000000,2024-11-07 17:14:57+00:00,21000.0,210.0,216.2,222.4,-20.399994,-8.854164,1.0,8.0,0.1348372192192078,1.0,REGULAR,USD,2024-11-14
NDXP241114C21075000,2024-11-08 18:24:44+00:00,21075.0,169.5,169.8,175.2,-19.679993,-10.402787,1.0,2.0,0.13141737731933595,1.0,REGULAR,USD,2024-11-14
NDXP241114C21100000,2024-11-08 17:30:39+00:00,21100.0,143.98,155.5,159.3,63.979996,79.97499,10.0,6.0,0.12908280593872068,1.0,REGULAR,USD,2024-11-14
NDXP241114C21125000,2024-11-07 15:09:14+00:00,21125.0,137.3,142.0,145.4,0.0,0.0,3.0,2.0,0.12791170558929443,0.0,REGULAR,USD,2024-11-14
NDXP241114C21150000,2024-11-07 15:09:14+00:00,21150.0,126.4,128.8,132.6,0.0,0.0,1.0,1.0,0.12711444183349607,0.0,REGULAR,USD,2024-11-14
NDXP241114C21200000,2024-11-08 18:40:39+00:00,21200.0,121.52,104.6,107.3,-2.090004,-1.690805,12.0,3.0,0.12399595800399779,0.0,REGULAR,USD,2024-11-14
NDXP241114C21225000,2024-11-07 15:18:52+00:00,21225.0,96.26,93.4,96.2,0.0,0.0,1.0,3.0,0.12286300424575808,0.0,REGULAR,USD,2024-11-14
NDXP241114C21250000,2024-11-08 16:00:27+00:00,21250.0,77.49,83.2,86.4,48.14,164.02045,6.0,2.0,0.12226982475280762,0.0,REGULAR,USD,2024-11-14
NDXP241114C21300000,2024-11-07 20:54:02+00:00,21300.0,66.76,65.0,67.2,-22.739998,-25.407818,2.0,4.0,0.11950228956222533,0.0,REGULAR,USD,2024-11-14
NDXP241114C21325000,2024-11-07 20:34:18+00:00,21325.0,58.2,57.2,59.6,-29.499996,-33.637394,1.0,8.0,0.11905025245666503,0.0,REGULAR,USD,2024-11-14
NDXP241114C21350000,2024-11-08 18:06:32+00:00,21350.0,51.05,50.5,52.4,-25.55,-33.35509,11.0,3.0,0.11835598449707031,0.0,REGULAR,USD,2024-11-14
NDXP241114C21400000,2024-11-08 17:10:18+00:00,21400.0,39.0,38.4,40.5,-26.849998,-40.774487,8.0,8.0,0.1177208437538147,0.0,REGULAR,USD,2024-11-14
NDXP241114C21425000,2024-11-07 19:44:01+00:00,21425.0,48.42,33.6,35.4,0.0,0.0,5.0,7.0,0.1174366516494751,0.0,REGULAR,USD,2024-11-14
NDXP241114C21450000,2024-11-08 20:43:54+00:00,21450.0,28.2,28.9,30.6,-14.969997,-34.676853,6.0,4.0,0.11687017477035522,0.0,REGULAR,USD,2024-11-14
NDXP241114C21475000,2024-11-07 20:57:43+00:00,21475.0,29.12,25.2,26.7,-14.269999,-32.88776,1.0,8.0,0.11687971141815186,0.0,REGULAR,USD,2024-11-14
NDXP241114C21500000,2024-11-08 20:32:07+00:00,21500.0,19.48,21.7,23.0,-19.240002,-49.690083,9.0,30.0,0.11655165073394776,0.0,REGULAR,USD,2024-11-14
NDXP241114C21525000,2024-11-08 20:19:19+00:00,21525.0,19.1,18.8,19.9,-15.550001,-44.877346,3.0,6.0,0.11653639209747314,0.0,REGULAR,USD,2024-11-14
NDXP241114C21550000,2024-10-29 15:42:33+00:00,21550.0,45.6,16.2,17.4,0.0,0.0,,1.0,0.11698270721435547,0.0,REGULAR,USD,2024-11-14
NDXP241114C21575000,2024-11-06 19:33:09+00:00,21575.0,11.6,13.9,15.0,0.0,0.0,1.0,1.0,0.11705900039672851,0.0,REGULAR,USD,2024-11-14
NDXP241114C21750000,2024-10-28 18:26:57+00:00,21750.0,22.0,5.0,5.8,0.0,0.0,,1.0,0.12163659133911134,0.0,REGULAR,USD,2024-11-14
NDXP241114C22000000,2024-11-06 19:40:34+00:00,22000.0,2.8,1.55,2.1,0.0,0.0,2.0,8.0,0.1357050541687012,0.0,REGULAR,USD,2024-11-14
NDXP241114C22100000,2024-11-01 20:04:19+00:00,22100.0,2.0,1.05,1.7,0.0,0.0,2.0,2.0,0.1443719596862793,0.0,REGULAR,USD,2024-11-14
NDXP241114C22150000,2024-11-01 19:50:32+00:00,22150.0,1.85,0.9,1.5,0.0,0.0,2.0,2.0,0.14817136016845706,0.0,REGULAR,USD,2024-11-14
NDXP241114C22200000,2024-10-31 19:59:48+00:00,22200.0,2.5,0.75,1.4,0.0,0.0,,6.0,0.152901537475586,0.0,REGULAR,USD,2024-11-14
NDXP241114C22250000,2024-10-31 19:08:20+00:00,22250.0,3.02,0.65,1.3,0.0,0.0,,1.0,0.1574486111450195,0.0,REGULAR,USD,2024-11-14
NDX241115C10000000,2024-05-22 20:14:19+00:00,10000.0,8941.1,9932.5,9959.5,0.0,0.0,,2.0,1.0000000000000003e-05,1.0,REGULAR,USD,2024-11-15
NDX241115C10200000,2024-10-07 13:31:00+00:00,10200.0,9861.0,0.0,0.0,0.0,0.0,,1.0,1.0000000000000003e-05,1.0,REGULAR,USD,2024-11-15
NDX241115C10600000,2024-10-07 13:31:00+00:00,10600.0,9465.0,0.0,0.0,0.0,0.0,,1.0,1.0000000000000003e-05,1.0,REGULAR,USD,2024-11-15
NDX241115C11200000,2024-07-02 15:14:53+00:00,11200.0,8895.5,7676.2,7875.8,0.0,0.0,,1.0,1.0000000000000003e-05,1.0,REGULAR,USD,2024-11-15
NDX241115C11800000,2024-10-07 13:31:01+00:00,11800.0,8229.8,0.0,0.0,0.0,0.0,,1.0,1.0000000000000003e-05,1.0,REGULAR,USD,2024-11-15
NDX241115C12200000,2024-08-15 13:51:29+00:00,12200.0,7275.0,7390.9,7427.0,0.0,0.0,1.0,2.0,1.0000000000000003e-05,1.0,REGULAR,USD,2024-11-15
NDX241115C13800000,2024-10-23 17:03:13+00:00,13800.0,6319.09,7317.9,7346.8,0.0,0.0,1.0,2.0,1.29550523147583,1.0,REGULAR,USD,2024-11-15
NDX241115C14000000,2024-10-23 17:03:13+00:00,14000.0,6120.01,7118.0,7147.0,0.0,0.0,1.0,1.0,1.2580145742034912,1.0,REGULAR,USD,2024-11-15
NDX241115C14100000,2024-03-20 18:07:47+00:00,14100.0,4615.13,3555.5,3580.3,0.0,0.0,1.0,0.0,1.0000000000000003e-05,1.0,REGULAR,USD,2024-11-15
NDX241115C14400000,2024-10-14 16:10:17+00:00,14400.0,6084.29,6718.4,6747.4,0.0,0.0,1.0,2.0,1.1851999968719484,1.0,REGULAR,USD,2024-11-15
NDX241115C14500000,2024-10-15 14:55:19+00:00,14500.0,5844.57,6618.5,6647.5,0.0,0.0,,1.0,1.1671947158050537,1.0,REGULAR,USD,2024-11-15
NDX241115C14600000,2024-10-16 16:07:11+00:00,14600.0,5578.09,6518.6,6547.6,0.0,0.0,,1.0,1.1492809870147704,1.0,REGULAR,USD,2024-11-15
NDX241115C14800000,2024-01-26 20:48:09+00:00,14800.0,3454.17,3838.5,3865.3,0.0,0.0,1.0,1.0,1.0000000000000003e-05,1.0,REGULAR,USD,2024-11-15
NDX241115C15000000,2024-11-08 17:39:58+00:00,15000.0,6119.0,6119.0,6148.0,554.3999,9.962978,6.0,8.0,1.0783279726409911,1.0,REGULAR,USD,2024-11-15
NDX241115C15100000,2024-10-16 16:27:58+00:00,15100.0,5110.58,6019.0,6048.1,0.0,0.0,,1.0,1.06029217414856,1.0,REGULAR,USD,2024-11-15
NDX241115C15425000,2024-11-04 14:43:54+00:00,15425.0,4580.75,5694.3,5723.4,0.0,0.0,2.0,2.0,1.0034839865112302,1.0,REGULAR,USD,2024-11-15
NDX241115C15500000,2024-11-06 17:00:13+00:00,15500.0,5193.34,5619.4,5648.4,0.0,0.0,1.0,0.0,0.990310765838623,1.0,REGULAR,USD,2024-11-15
NDX241115C15600000,2024-05-23 17:39:45+00:00,15600.0,3618.5,4537.8,4563.0,0.0,0.0,,1.0,1.0000000000000003e-05,1.0,REGULAR,USD,2024-11-15
NDX241115C15675000,2024-11-06 17:21:11+00:00,15675.0,5021.66,5444.5,5473.5,0.0,0.0,1.0,1.0,0.9595798719787596,1.0,REGULAR,USD,2024-11-15
NDX241115C15700000,2024-11-06 17:21:46+00:00,15700.0,4999.17,5419.5,5448.5,0.0,0.0,1.0,0.0,0.9550938328552245,1.0,REGULAR,USD,2024-11-15
NDX241115C15925000,2024-11-06 17:00:13+00:00,15925.0,4768.83,5194.7,5223.7,0.0,0.0,1.0,0.0,0.9165199998474123,1.0,REGULAR,USD,2024-11-15
NDX241115C16000000,2024-10-01 13:42:24+00:00,16000.0,4017.55,4071.3,4103.7,0.0,0.0,,1.0,1.0000000000000003e-05,1.0,REGULAR,USD,2024-11-15
NDX241115C16025000,2024-11-06 17:21:11+00:00,16025.0,4671.64,5094.8,5123.8,0.0,0.0,1.0,1.0,0.8995523960876464,1.0,REGULAR,USD,2024-11-15
NDX241115C16100000,2023-12-21 20:26:00+00:00,16100.0,2025.0,2368.8,2393.3,0.0,0.0,1.0,0.0,1.0000000000000003e-05,1.0,REGULAR,USD,2024-11-15
NDX241115C16150000,2024-10-15 14:16:01+00:00,16150.0,4329.14,4969.9,4998.9,0.0,0.0,,1.0,0.8782208222961425,1.0,REGULAR,USD,2024-11-15
NDX241115C16200000,2024-11-06 17:21:46+00:00,16200.0,4499.42,4919.9,4949.0,0.0,0.0,1.0,1.0,0.8697980549621582,1.0,REGULAR,USD,2024-11-15
NDX241115C16500000,2024-04-18 16:46:12+00:00,16500.0,2040.4,2664.8,2682.4,0.0,0.0,12.0,12.0,1.0000000000000003e-05,1.0,REGULAR,USD,2024-11-15
NDX241115C16575000,2024-11-07 17:48:30+00:00,16575.0,4520.52,4545.3,4574.4,0.0,0.0,15.0,15.0,0.8071308349609375,1.0,REGULAR,USD,2024-11-15
NDX241115C16600000,2024-05-15 18:02:37+00:00,16600.0,2636.6,3534.4,3590.5,0.0,0.0,12.0,12.0,1.0000000000000003e-05,1.0,REGULAR,USD,2024-11-15
NDX241115C16700000,2024-08-13 16:16:49+00:00,16700.0,2637.81,2933.9,2965.2,0.0,0.0,2.0,2.0,1.0000000000000003e-05,1.0,REGULAR,USD,2024-11-15
NDX241115C16800000,2024-05-23 16:57:00+00:00,16800.0,2626.86,3435.1,3458.0,0.0,0.0,4.0,14.0,1.0000000000000003e-05,1.0,REGULAR,USD,2024-11-15
NDX241115C16950000,2024-11-07 17:48:30+00:00,16950.0,4145.75,4170.8,4199.0,0.0,0.0,15.0,15.0,0.7427241304016112,1.0,REGULAR,USD,2024-11-15
NDX241115C17000000,2024-11-08 15:24:49+00:00,17000.0,4085.15,4120.9,4149.9,69.97998,1.7428896,1.0,4.0,0.7373988662719727,1.0,REGULAR,USD,2024-11-15
NDX241115C17100000,2024-09-13 14:51:21+00:00,17100.0,2660.0,3243.7,3281.9,0.0,0.0,,1.0,1.0000000000000003e-05,1.0,REGULAR,USD,2024-11-15
NDX241115C17125000,2024-11-08 15:24:49+00:00,17125.0,3959.75,3996.1,4025.1,617.95996,18.491884,1.0,1.0,0.7172269488525391,1.0,REGULAR,USD,2024-11-15
NDX241115C17200000,2023-11-30 14:39:41+00:00,17200.0,969.9,1361.3,1394.4,0.0,0.0,,1.0,1.0000000000000003e-05,1.0,REGULAR,USD,2024-11-15
NDX241115C17225000,2024-10-28 16:03:54+00:00,17225.0,3229.54,3896.2,3925.3,0.0,0.0,2.0,2.0,0.7010527941894531,1.0,REGULAR,USD,2024-11-15
NDX241115C17400000,2023-11-17 14:41:24+00:00,17400.0,822.5,1133.0,1162.2,0.0,0.0,2.0,2.0,1.0000000000000003e-05,1.0,REGULAR,USD,2024-11-15
NDX241115C17500000,2024-11-06 14:32:01+00:00,17500.0,3094.34,3621.7,3649.8,0.0,0.0,1.0,31.0,0.654246926803589,1.0,REGULAR,USD,2024-11-15
NDX241115C17600000,2024-11-04 17:39:48+00:00,17600.0,2441.85,3521.8,3550.8,0.0,0.0,1.0,2.0,0.6404149728393554,1.0,REGULAR,USD,2024-11-15
NDX241115C17700000,2024-11-04 17:39:48+00:00,17700.0,2344.05,3422.0,3451.0,0.0,0.0,2.0,4.0,0.6245536202239991,1.0,REGULAR,USD,2024-11-15
NDX241115C17750000,2024-11-04 17:39:48+00:00,17750.0,2295.35,3372.1,3401.1,0.0,0.0,1.0,1.0,0.6166267585754397,1.0,REGULAR,USD,2024-11-15
NDX241115C17800000,2024-11-07 14:50:02+00:00,17800.0,3166.83,3322.2,3351.1,0.0,0.0,1.0,3.0,0.608425241470337,1.0,REGULAR,USD,2024-11-15
NDX241115C17825000,2024-10-24 17:02:44+00:00,17825.0,2469.13,3297.2,3326.2,0.0,0.0,1.0,1.0,0.604465625305176,1.0,REGULAR,USD,2024-11-15
NDX241115C17850000,2024-11-04 17:25:07+00:00,17850.0,2184.0,3272.3,3301.2,0.0,0.0,1.0,1.0,0.6004983798217775,1.0,REGULAR,USD,2024-11-15
NDX241115C17950000,2024-11-04 17:25:07+00:00,17950.0,2086.9,3172.4,3201.4,0.0,0.0,2.0,2.0,0.5843700010681152,1.0,REGULAR,USD,2024-11-15
NDX241115C18000000,2024-11-04 17:25:07+00:00,18000.0,2038.4,3122.5,3150.6,0.0,0.0,1.0,6.0,0.5741543439483644,1.0,REGULAR,USD,2024-11-15
NDX241115C18100000,2024-10-24 19:11:46+00:00,18100.0,2216.84,3022.6,3051.6,0.0,0.0,1.0,3.0,0.5600477345275878,1.0,REGULAR,USD,2024-11-15
NDX241115C18200000,2024-08-06 14:04:05+00:00,18200.0,1079.5,1352.4,1391.6,0.0,0.0,3.0,4.0,1.0000000000000003e-05,1.0,REGULAR,USD,2024-11-15
NDX241115C18300000,2024-05-28 19:34:39+00:00,18300.0,1505.5,2183.7,2204.1,0.0,0.0,2.0,5.0,1.0000000000000003e-05,1.0,REGULAR,USD,2024-11-15
NDX241115C18400000,2024-09-16 17:39:44+00:00,18400.0,1465.7,1913.7,1943.9,0.0,0.0,2.0,6.0,1.0000000000000003e-05,1.0,REGULAR,USD,2024-11-15
NDX241115C18450000,2024-09-16 17:39:44+00:00,18450.0,1426.9,1867.9,1897.9,0.0,0.0,,1.0,1.0000000000000003e-05,1.0,REGULAR,USD,2024-11-15
NDX241115C18475000,2024-09-09 15:17:01+00:00,18475.0,853.6,1966.0,2001.9,0.0,0.0,,1.0,1.0000000000000003e-05,1.0,REGULAR,USD,2024-11-15
NDX241115C18500000,2024-10-22 13:49:06+00:00,18500.0,1932.3,2623.2,2651.1,0.0,0.0,2.0,14.0,0.5456092497634888,1.0,REGULAR,USD,2024-11-15
NDX241115C18525000,2024-09-09 15:28:59+00:00,18525.0,850.0,1921.0,1956.8,0.0,0.0,,3.0,1.0000000000000003e-05,1.0,REGULAR,USD,2024-11-15
NDX241115C18550000,2024-08-09 13:34:12+00:00,18550.0,953.8,788.8,796.3,0.0,0.0,,2.0,1.0000000000000003e-05,1.0,REGULAR,USD,2024-11-15
NDX241115C18600000,2024-09-09 14:58:08+00:00,18600.0,795.0,1853.9,1889.3,0.0,0.0,1.0,2.0,1.0000000000000003e-05,1.0,REGULAR,USD,2024-11-15
NDX241115C18650000,2024-09-09 15:17:14+00:00,18650.0,751.3,1809.5,1844.6,0.0,0.0,,1.0,1.0000000000000003e-05,1.0,REGULAR,USD,2024-11-15
NDX241115C18700000,2024-09-13 15:01:11+00:00,18700.0,1323.75,1742.3,1777.0,0.0,0.0,2.0,4.0,1.0000000000000003e-05,1.0,REGULAR,USD,2024-11-15
NDX241115C18750000,2024-11-01 18:02:11+00:00,18750.0,1407.0,2373.5,2402.3,0.0,0.0,1.0,2.0,0.5041553491210937,1.0,REGULAR,USD,2024-11-15
NDX241115C18775000,2024-08-08 13:42:36+00:00,18775.0,695.2,665.6,672.2,0.0,0.0,,1.0,1.0000000000000003e-05,1.0,REGULAR,USD,2024-11-15
NDX241115C18800000,2024-10-31 19:17:41+00:00,18800.0,1303.67,2323.6,2352.4,0.0,0.0,1.0,3.0,0.4953816331481934,1.0,REGULAR,USD,2024-11-15
NDX241115C18825000,2024-10-25 17:36:41+00:00,18825.0,1709.02,2298.7,2327.4,0.0,0.0,1.0,1.0,0.4908498181152344,1.0,REGULAR,USD,2024-11-15
NDX241115C18850000,2024-09-13 15:04:33+00:00,18850.0,1212.85,1610.1,1644.0,0.0,0.0,2.0,3.0,1.0000000000000003e-05,1.0,REGULAR,USD,2024-11-15
NDX241115C18875000,2024-10-04 18:22:31+00:00,18875.0,1403.0,1207.9,1227.0,0.0,0.0,2.0,5.0,1.0000000000000003e-05,1.0,REGULAR,USD,2024-11-15
NDX241115C18900000,2024-09-13 14:59:24+00:00,18900.0,1169.02,1566.6,1600.2,0.0,0.0,2.0,3.0,1.0000000000000003e-05,1.0,REGULAR,USD,2024-11-15
NDX241115C18925000,2024-09-09 14:57:41+00:00,18925.0,619.8,1569.4,1603.0,0.0,0.0,1.0,1.0,1.0000000000000003e-05,1.0,REGULAR,USD,2024-11-15
NDX241115C18950000,2024-11-08 16:54:34+00:00,18950.0,2181.33,2173.8,2202.6,1453.93,199.88039,1.0,3.0,0.4687247952270508,1.0,REGULAR,USD,2024-11-15
NDX241115C19000000,2024-11-06 14:32:01+00:00,19000.0,1612.17,2123.9,2151.7,0.0,0.0,2.0,11.0,0.45707482627868656,1.0,REGULAR,USD,2024-11-15
NDX241115C19050000,2024-09-13 15:06:57+00:00,19050.0,1074.6,1437.7,1470.6,0.0,0.0,2.0,2.0,1.0000000000000003e-05,1.0,REGULAR,USD,2024-11-15
NDX241115C19100000,2024-11-07 14:45:38+00:00,19100.0,1882.0,2024.1,2052.8,0.0,0.0,3.0,3.0,0.4419764054870606,1.0,REGULAR,USD,2024-11-15
NDX241115C19150000,2024-10-03 17:37:32+00:00,19150.0,1074.64,1046.4,1073.1,0.0,0.0,1.0,4.0,1.0000000000000003e-05,1.0,REGULAR,USD,2024-11-15
NDX241115C19175000,2024-09-12 16:34:25+00:00,19175.0,873.0,1332.4,1364.6,0.0,0.0,,1.0,1.0000000000000003e-05,1.0,REGULAR,USD,2024-11-15
NDX241115C19200000,2024-11-08 15:53:16+00:00,19200.0,1910.28,1924.3,1952.1,502.03003,35.64921,1.0,18.0,0.4218655226135254,1.0,REGULAR,USD,2024-11-15
NDX241115C19225000,2024-09-12 16:37:16+00:00,19225.0,838.87,1290.9,1322.8,0.0,0.0,4.0,3.0,1.0000000000000003e-05,1.0,REGULAR,USD,2024-11-15
NDX241115C19250000,2024-10-03 18:58:22+00:00,19250.0,994.0,963.7,989.8,0.0,0.0,1.0,5.0,1.0000000000000003e-05,1.0,REGULAR,USD,2024-11-15
NDX241115C19275000,2024-10-15 19:13:13+00:00,19275.0,1142.99,1849.5,1878.2,0.0,0.0,3.0,3.0,0.4110662226486206,1.0,REGULAR,USD,2024-11-15
NDX241115C19300000,2024-11-06 15:05:53+00:00,19300.0,1810.62,1824.6,1852.4,499.52002,38.099308,1.0,9.0,0.4044210864639282,1.0,REGULAR,USD,2024-11-15
NDX241115C19325000,2024-09-16 14:49:37+00:00,19325.0,780.0,1065.2,1094.6,0.0,0.0,2.0,1.0,1.0000000000000003e-05,1.0,REGULAR,USD,2024-11-15
NDX241115C19375000,2024-09-10 16:15:25+00:00,19375.0,443.6,1200.9,1230.6,0.0,0.0,,2.0,1.0000000000000003e-05,1.0,REGULAR,USD,2024-11-15
NDX241115C19400000,2024-10-22 18:01:08+00:00,19400.0,1213.63,1724.9,1752.6,0.0,0.0,1.0,7.0,0.38662951633453363,1.0,REGULAR,USD,2024-11-15
NDX241115C19425000,2024-09-25 17:13:10+00:00,19425.0,1009.58,1103.9,1124.8,0.0,0.0,1.0,3.0,1.0000000000000003e-05,1.0,REGULAR,USD,2024-11-15
NDX241115C19450000,2024-10-25 14:01:37+00:00,19450.0,1221.2,1675.1,1703.7,0.0,0.0,2.0,5.0,0.38014841049194337,1.0,REGULAR,USD,2024-11-15
NDX241115C19475000,2024-09-18 15:09:03+00:00,19475.0,737.75,1077.3,1109.8,0.0,0.0,28.0,25.0,1.0000000000000003e-05,1.0,REGULAR,USD,2024-11-15
NDX241115C19500000,2024-11-07 19:49:25+00:00,19500.0,1625.97,1625.3,1653.0,0.0,0.0,1.0,14.0,0.36923085609436035,1.0,REGULAR,USD,2024-11-15
NDX241115C19525000,2024-11-07 19:49:25+00:00,19525.0,1601.22,1600.4,1628.9,0.0,0.0,1.0,1.0,0.3667627716445923,1.0,REGULAR,USD,2024-11-15
NDX241115C19550000,2024-10-24 16:56:01+00:00,19550.0,919.64,1575.5,1603.2,0.0,0.0,1.0,19.0,0.36048002807617185,1.0,REGULAR,USD,2024-11-15
NDX241115C19575000,2024-10-01 15:43:32+00:00,19575.0,777.8,710.4,733.8,0.0,0.0,2.0,5.0,1.0000000000000003e-05,1.0,REGULAR,USD,2024-11-15
NDX241115C19600000,2024-11-07 14:37:03+00:00,19600.0,1368.15,1525.7,1553.4,0.0,0.0,1.0,8.0,0.3516948681259155,1.0,REGULAR,USD,2024-11-15
NDX241115C19625000,2024-10-08 14:46:57+00:00,19625.0,900.0,0.0,0.0,0.0,0.0,1.0,2.0,1.0000000000000003e-05,1.0,REGULAR,USD,2024-11-15
NDX241115C19650000,2024-10-25 14:01:37+00:00,19650.0,1051.2,1476.0,1504.5,0.0,0.0,2.0,3.0,0.3449085895538331,1.0,REGULAR,USD,2024-11-15
NDX241115C19675000,2024-09-11 14:15:07+00:00,19675.0,351.6,935.8,965.1,0.0,0.0,1.0,9.0,1.0000000000000003e-05,1.0,REGULAR,USD,2024-11-15
NDX241115C19700000,2024-11-05 16:06:28+00:00,19700.0,651.4,1426.3,1453.9,0.0,0.0,1.0,40.0,0.3342313586807251,1.0,REGULAR,USD,2024-11-15
NDX241115C19725000,2024-10-24 19:29:43+00:00,19725.0,802.81,1401.4,1429.9,0.0,0.0,1.0,1.0,0.33174801559448247,1.0,REGULAR,USD,2024-11-15
NDX241115C19750000,2024-10-28 16:01:14+00:00,19750.0,875.25,1376.6,1405.0,0.0,0.0,1.0,42.0,0.3272696057891846,1.0,REGULAR,USD,2024-11-15
NDX241115C19775000,2024-10-01 14:51:50+00:00,19775.0,641.1,568.4,590.0,0.0,0.0,1.0,2.0,1.0000000000000003e-05,1.0,REGULAR,USD,2024-11-15
NDX241115C19800000,2024-11-08 16:20:14+00:00,19800.0,1311.17,1326.9,1355.4,707.27,117.117065,1.0,23.0,0.3186904374313354,1.0,REGULAR,USD,2024-11-15
NDX241115C19820000,2024-11-08 16:10:38+00:00,19820.0,1287.92,1307.1,1335.5,389.37006,43.333153,1.0,2.0,0.31511610183715816,1.0,REGULAR,USD,2024-11-15
NDX241115C19825000,2024-10-03 17:40:54+00:00,19825.0,611.75,534.8,556.6,0.0,0.0,2.0,6.0,1.0000000000000003e-05,1.0,REGULAR,USD,2024-11-15
NDX241115C19830000,2024-10-31 18:52:00+00:00,19830.0,484.7,1297.2,1325.6,0.0,0.0,,1.0,0.3134300225067138,1.0,REGULAR,USD,2024-11-15
NDX241115C19840000,2024-10-31 18:52:00+00:00,19840.0,478.6,1287.2,1315.6,0.0,0.0,,1.0,0.3115341369247436,1.0,REGULAR,USD,2024-11-15
NDX241115C19850000,2024-11-07 15:33:32+00:00,19850.0,1178.0,1277.3,1305.7,0.0,0.0,1.0,14.0,0.30984424293518065,1.0,REGULAR,USD,2024-11-15
NDX241115C19875000,2024-10-08 13:58:02+00:00,19875.0,665.0,0.0,0.0,0.0,0.0,1.0,13.0,1.0000000000000003e-05,1.0,REGULAR,USD,2024-11-15
NDX241115C19880000,2024-11-01 14:16:06+00:00,19880.0,537.26,1247.6,1275.9,0.0,0.0,1.0,3.0,0.3045456814193725,1.0,REGULAR,USD,2024-11-15
NDX241115C19890000,2024-11-01 13:41:19+00:00,19890.0,483.0,1237.6,1266.0,0.0,0.0,1.0,3.0,0.3028443434524536,1.0,REGULAR,USD,2024-11-15
NDX241115C19900000,2024-11-06 14:46:59+00:00,19900.0,755.2,1227.7,1255.2,0.0,0.0,1.0,16.0,0.29932341308593746,1.0,REGULAR,USD,2024-11-15
NDX241115C19910000,2024-10-31 18:58:15+00:00,19910.0,446.0,1217.8,1246.2,0.0,0.0,,3.0,0.2994264088821411,1.0,REGULAR,USD,2024-11-15
NDX241115C19920000,2024-10-31 16:30:38+00:00,19920.0,454.25,1207.9,1236.3,0.0,0.0,,4.0,0.29771362693786607,1.0,REGULAR,USD,2024-11-15
NDX241115C19925000,2024-10-31 18:30:05+00:00,19925.0,431.8,1203.0,1231.2,0.0,0.0,1.0,6.0,0.2965577852249145,1.0,REGULAR,USD,2024-11-15
NDX241115C19930000,2024-10-31 18:29:42+00:00,19930.0,424.2,1198.0,1226.3,0.0,0.0,,3.0,0.2957986680603027,1.0,REGULAR,USD,2024-11-15
NDX241115C19940000,2024-11-06 16:39:10+00:00,19940.0,806.0,1188.1,1216.4,0.0,0.0,1.0,7.0,0.2940782567977905,1.0,REGULAR,USD,2024-11-15
NDX241115C19950000,2024-11-07 17:50:32+00:00,19950.0,1147.53,1178.2,1206.5,0.0,0.0,1.0,15.0,0.2923578455352782,1.0,REGULAR,USD,2024-11-15
NDX241115C19960000,2024-11-04 20:40:47+00:00,19960.0,397.0,1168.3,1196.6,0.0,0.0,4.0,7.0,0.2906298049545288,1.0,REGULAR,USD,2024-11-15
NDX241115C19970000,2024-11-01 19:50:20+00:00,19970.0,431.0,1158.4,1186.7,0.0,0.0,3.0,4.0,0.2889017643737792,1.0,REGULAR,USD,2024-11-15
NDX241115C19975000,2024-11-07 17:50:32+00:00,19975.0,1122.98,1153.5,1181.8,0.0,0.0,1.0,9.0,0.2881312032318114,1.0,REGULAR,USD,2024-11-15
NDX241115C19980000,2024-11-07 19:33:22+00:00,19980.0,1152.18,1148.5,1176.8,0.0,0.0,2.0,9.0,0.28716990913391105,1.0,REGULAR,USD,2024-11-15
NDX241115C19990000,2024-11-04 15:29:24+00:00,19990.0,434.04,1138.6,1166.9,0.0,0.0,8.0,8.0,0.2854342392349242,1.0,REGULAR,USD,2024-11-15
NDX241115C20000000,2024-11-07 15:11:01+00:00,20000.0,1049.1,1128.7,1157.0,0.0,0.0,60.0,138.0,0.28369475467681876,1.0,REGULAR,USD,2024-11-15
NDX241115C20010000,2024-11-04 15:29:08+00:00,20010.0,423.17,1118.9,1147.1,0.0,0.0,14.0,6.0,0.2819476408004761,1.0,REGULAR,USD,2024-11-15
NDX241115C20020000,2024-11-04 15:29:31+00:00,20020.0,416.65,1109.0,1137.1,0.0,0.0,8.0,7.0,0.2800136086273193,1.0,REGULAR,USD,2024-11-15
NDX241115C20025000,2024-11-04 17:31:02+00:00,20025.0,371.7,1104.0,1132.3,0.0,0.0,3.0,10.0,0.27942233646392817,1.0,REGULAR,USD,2024-11-15
NDX241115C20030000,2024-11-07 19:33:22+00:00,20030.0,1102.78,1099.1,1127.3,0.0,0.0,2.0,5.0,0.27845341304779053,1.0,REGULAR,USD,2024-11-15
NDX241115C20040000,2024-11-05 14:51:37+00:00,20040.0,423.0,1089.2,1117.4,0.0,0.0,1.0,10.0,0.27669866985321034,1.0,REGULAR,USD,2024-11-15
NDX241115C20050000,2024-11-06 14:30:17+00:00,20050.0,619.85,1079.3,1107.4,0.0,0.0,6.0,17.0,0.27475319370269774,1.0,REGULAR,USD,2024-11-15
NDX241115C20060000,2024-11-04 15:47:26+00:00,20060.0,395.0,1069.5,1097.7,0.0,0.0,7.0,4.0,0.2733608431243896,1.0,REGULAR,USD,2024-11-15
NDX241115C20070000,2024-10-31 16:16:39+00:00,20070.0,365.4,1059.6,1087.8,0.0,0.0,,3.0,0.2715946559524536,1.0,REGULAR,USD,2024-11-15
NDX241115C20075000,2024-11-06 14:30:17+00:00,20075.0,599.85,1054.7,1082.8,0.0,0.0,6.0,15.0,0.27061810321807866,1.0,REGULAR,USD,2024-11-15
NDX241115C20080000,2024-10-31 16:18:56+00:00,20080.0,367.5,1049.8,1077.9,0.0,0.0,,3.0,0.2698246541213989,1.0,REGULAR,USD,2024-11-15
NDX241115C20090000,2024-11-04 15:07:38+00:00,20090.0,355.5,1039.9,1068.0,0.0,0.0,1.0,5.0,0.2680508376312255,1.0,REGULAR,USD,2024-11-15
NDX241115C20100000,2024-11-06 19:14:32+00:00,20100.0,726.85,1030.0,1058.2,0.0,0.0,4.0,74.0,0.26645249546051025,1.0,REGULAR,USD,2024-11-15
NDX241115C20110000,2024-11-06 19:14:32+00:00,20110.0,717.9,1020.2,1047.5,0.0,0.0,1.0,11.0,0.26323292316436775,1.0,REGULAR,USD,2024-11-15
NDX241115C20120000,2024-11-01 19:09:08+00:00,20120.0,369.6,1010.3,1038.4,0.0,0.0,4.0,4.0,0.26288197452545176,1.0,REGULAR,USD,2024-11-15
NDX241115C20125000,2024-11-01 14:26:22+00:00,20125.0,400.0,1005.4,1033.5,0.0,0.0,4.0,202.0,0.262077081451416,1.0,REGULAR,USD,2024-11-15
NDX241115C20130000,2024-11-05 16:04:46+00:00,20130.0,369.0,1000.5,1028.6,0.0,0.0,6.0,3.0,0.2612683737182617,1.0,REGULAR,USD,2024-11-15
NDX241115C20140000,2024-10-31 13:39:32+00:00,20140.0,426.5,990.7,1018.7,0.0,0.0,,1.0,0.25947166927337645,1.0,REGULAR,USD,2024-11-15
NDX241115C20150000,2024-10-31 14:50:03+00:00,20150.0,338.3,980.8,1008.9,0.0,0.0,3.0,54.0,0.2578466244888306,1.0,REGULAR,USD,2024-11-15
NDX241115C20160000,2024-11-05 15:23:07+00:00,20160.0,369.0,971.0,999.0,0.0,0.0,4.0,1.0,0.25604229072570805,1.0,REGULAR,USD,2024-11-15
NDX241115C20175000,2024-11-05 16:43:04+00:00,20175.0,361.8,956.3,983.4,0.0,0.0,1.0,35.0,0.2520292693328857,1.0,REGULAR,USD,2024-11-15
NDX241115C20180000,2024-11-05 16:43:04+00:00,20180.0,359.0,951.4,979.4,0.0,0.0,1.0,2.0,0.25276168388366693,1.0,REGULAR,USD,2024-11-15
NDX241115C20200000,2024-11-08 14:43:42+00:00,20200.0,919.2,931.8,958.7,560.2,156.04457,3.0,78.0,0.2475890061187744,1.0,REGULAR,USD,2024-11-15
NDX241115C20210000,2024-11-05 20:32:14+00:00,20210.0,358.0,922.0,949.9,0.0,0.0,4.0,3.0,0.24762715270996094,1.0,REGULAR,USD,2024-11-15
NDX241115C20220000,2024-11-05 19:59:01+00:00,20220.0,333.0,912.2,939.2,0.0,0.0,6.0,7.0,0.24444954166412358,1.0,REGULAR,USD,2024-11-15
NDX241115C20225000,2024-11-06 15:52:21+00:00,20225.0,506.0,907.3,934.3,0.0,0.0,5.0,82.0,0.2436179459762573,1.0,REGULAR,USD,2024-11-15
NDX241115C20240000,2024-11-05 19:31:03+00:00,20240.0,328.9,892.6,920.5,0.0,0.0,3.0,4.0,0.24260324665069577,1.0,REGULAR,USD,2024-11-15
NDX241115C20250000,2024-11-05 16:14:48+00:00,20250.0,313.7,882.9,910.7,0.0,0.0,2.0,29.0,0.24091335266113278,1.0,REGULAR,USD,2024-11-15
NDX241115C20260000,2024-11-06 16:43:07+00:00,20260.0,530.91,873.1,900.9,0.0,0.0,1.0,1.0,0.23921964401245116,1.0,REGULAR,USD,2024-11-15
NDX241115C20275000,2024-11-06 14:40:08+00:00,20275.0,524.28,858.5,885.2,0.0,0.0,3.0,94.0,0.23505022159576416,1.0,REGULAR,USD,2024-11-15
NDX241115C20280000,2024-11-06 14:39:12+00:00,20280.0,510.2,853.6,881.3,0.0,0.0,2.0,2.0,0.23581124608993526,1.0,REGULAR,USD,2024-11-15
NDX241115C20290000,2024-11-05 14:48:07+00:00,20290.0,265.35,843.9,871.6,0.0,0.0,1.0,2.0,0.23425677249908444,1.0,REGULAR,USD,2024-11-15
NDX241115C20300000,2024-11-08 19:15:28+00:00,20300.0,862.89,834.2,861.0,52.75,6.51122,1.0,4571.0,0.23126607975006103,1.0,REGULAR,USD,2024-11-15
NDX241115C20310000,2024-11-01 17:36:45+00:00,20310.0,270.5,824.5,852.1,0.0,0.0,1.0,2.0,0.23096090702056887,1.0,REGULAR,USD,2024-11-15
NDX241115C20320000,2024-10-31 15:21:01+00:00,20320.0,259.0,814.8,842.3,0.0,0.0,,4.0,0.2292214224624634,1.0,REGULAR,USD,2024-11-15
NDX241115C20325000,2024-11-08 19:15:28+00:00,20325.0,838.01,809.9,837.5,506.79,153.00706,1.0,80.0,0.22850426654815675,1.0,REGULAR,USD,2024-11-15
NDX241115C20330000,2024-11-01 17:36:45+00:00,20330.0,260.9,805.1,832.6,0.0,0.0,1.0,2.0,0.22763070960998535,1.0,REGULAR,USD,2024-11-15
NDX241115C20340000,2024-11-04 16:53:17+00:00,20340.0,206.8,795.4,822.9,0.0,0.0,1.0,4.0,0.22603236743927002,1.0,REGULAR,USD,2024-11-15
NDX241115C20350000,2024-11-06 15:34:48+00:00,20350.0,466.0,785.7,813.2,0.0,0.0,5.0,114.0,0.2244225812911987,1.0,REGULAR,USD,2024-11-15
NDX241115C20360000,2024-11-05 18:21:54+00:00,20360.0,273.3,776.1,803.5,0.0,0.0,1.0,10.0,0.22280135116577143,1.0,REGULAR,USD,2024-11-15
NDX241115C20370000,2024-11-01 19:06:50+00:00,20370.0,239.4,766.5,793.8,0.0,0.0,13.0,5.0,0.22117439905166625,1.0,REGULAR,USD,2024-11-15
NDX241115C20375000,2024-11-05 19:52:02+00:00,20375.0,252.6,761.7,789.0,0.0,0.0,2.0,14.0,0.220430540523529,1.0,REGULAR,USD,2024-11-15
NDX241115C20380000,2024-11-01 19:54:47+00:00,20380.0,224.8,756.8,784.1,0.0,0.0,4.0,3.0,0.2195360029602051,1.0,REGULAR,USD,2024-11-15
NDX241115C20390000,2024-11-01 14:54:27+00:00,20390.0,239.7,747.2,774.5,0.0,0.0,4.0,8.0,0.21803493459701534,1.0,REGULAR,USD,2024-11-15
NDX241115C20400000,2024-11-08 19:50:42+00:00,20400.0,763.9,737.7,764.9,17.470032,2.3404782,4.0,223.0,0.2165224222564697,1.0,REGULAR,USD,2024-11-15
NDX241115C20410000,2024-11-04 17:00:46+00:00,20410.0,177.4,728.1,755.2,0.0,0.0,1.0,3.0,0.2148516015625,1.0,REGULAR,USD,2024-11-15
NDX241115C20420000,2024-11-04 14:32:43+00:00,20420.0,187.2,718.5,745.6,0.0,0.0,1.0,1.0,0.21331620126724243,1.0,REGULAR,USD,2024-11-15
NDX241115C20425000,2024-11-04 17:41:58+00:00,20425.0,176.9,713.7,740.8,0.0,0.0,1.0,38.0,0.2125437327957153,1.0,REGULAR,USD,2024-11-15
NDX241115C20430000,2024-11-04 15:41:30+00:00,20430.0,204.4,709.0,736.0,0.0,0.0,1.0,3.0,0.2117693569946289,1.0,REGULAR,USD,2024-11-15
NDX241115C20440000,2024-11-04 18:50:43+00:00,20440.0,186.4,699.5,726.4,0.0,0.0,2.0,2.0,0.21020725408554075,1.0,REGULAR,USD,2024-11-15
NDX241115C20450000,2024-11-08 20:33:04+00:00,20450.0,689.35,689.9,716.9,-26.640015,-3.7207243,1.0,142.0,0.2087748495864868,1.0,REGULAR,USD,2024-11-15
NDX241115C20460000,2024-11-06 19:44:30+00:00,20460.0,427.22,680.5,707.3,0.0,0.0,2.0,27.0,0.2071879513931274,1.0,REGULAR,USD,2024-11-15
NDX241115C20470000,2024-11-04 18:50:43+00:00,20470.0,174.7,671.0,696.9,0.0,0.0,4.0,6.0,0.20448717273712153,1.0,REGULAR,USD,2024-11-15
NDX241115C20475000,2024-11-08 20:59:05+00:00,20475.0,678.91,666.3,693.0,272.80997,67.178024,3.0,53.0,0.20492204387664792,1.0,REGULAR,USD,2024-11-15
NDX241115C20480000,2024-11-06 16:41:04+00:00,20480.0,358.65,661.5,688.2,0.0,0.0,1.0,8.0,0.20411333614349364,1.0,REGULAR,USD,2024-11-15
NDX241115C20490000,2024-11-06 16:39:19+00:00,20490.0,355.32,652.1,678.7,0.0,0.0,1.0,2.0,0.20262180442810054,1.0,REGULAR,USD,2024-11-15
NDX241115C20500000,2024-11-08 18:51:48+00:00,20500.0,665.2,642.7,669.2,256.40002,62.72016,3.0,341.0,0.2011169214057922,1.0,REGULAR,USD,2024-11-15
NDX241115C20510000,2024-11-06 17:14:11+00:00,20510.0,349.4,633.3,659.0,0.0,0.0,1.0,6.0,0.19866600292205805,1.0,REGULAR,USD,2024-11-15
NDX241115C20520000,2024-11-06 14:32:35+00:00,20520.0,294.28,623.9,650.3,0.0,0.0,2.0,5.0,0.19819107786178589,1.0,REGULAR,USD,2024-11-15
NDX241115C20525000,2024-11-04 15:17:19+00:00,20525.0,152.3,619.2,645.6,0.0,0.0,2.0,18.0,0.19748155126571654,1.0,REGULAR,USD,2024-11-15
NDX241115C20530000,2024-11-04 15:29:54+00:00,20530.0,166.3,614.6,640.9,0.0,0.0,2.0,7.0,0.19676821001052855,1.0,REGULAR,USD,2024-11-15
NDX241115C20540000,2024-11-04 21:00:02+00:00,20540.0,127.0,605.2,631.5,0.0,0.0,5.0,5.0,0.1953281761932373,1.0,REGULAR,USD,2024-11-15
NDX241115C20550000,2024-11-07 20:58:14+00:00,20550.0,608.3,595.9,622.1,0.0,0.0,2.0,16.0,0.19387097640991213,1.0,REGULAR,USD,2024-11-15
NDX241115C20560000,2024-11-04 17:18:02+00:00,20560.0,118.1,586.7,612.7,0.0,0.0,4.0,8.0,0.19239470333099368,1.0,REGULAR,USD,2024-11-15
NDX241115C20570000,2024-11-04 16:19:37+00:00,20570.0,152.0,577.4,603.4,0.0,0.0,2.0,6.0,0.1910252407073975,1.0,REGULAR,USD,2024-11-15
NDX241115C20575000,2024-11-07 15:05:46+00:00,20575.0,519.63,572.8,598.7,0.0,0.0,1.0,7.0,0.1902699382019043,1.0,REGULAR,USD,2024-11-15
NDX241115C20580000,2024-11-06 15:05:22+00:00,20580.0,251.2,568.2,594.0,0.0,0.0,2.0,10.0,0.18951272836685185,1.0,REGULAR,USD,2024-11-15
NDX241115C20590000,2024-11-06 16:39:26+00:00,20590.0,289.19,559.0,584.7,0.0,0.0,3.0,13.0,0.18810321182250977,1.0,REGULAR,USD,2024-11-15
NDX241115C20600000,2024-11-07 16:28:49+00:00,20600.0,519.1,550.0,574.7,0.0,0.0,70.0,98.0,0.18582395299911497,1.0,REGULAR,USD,2024-11-15
NDX241115C20610000,2024-11-01 14:14:55+00:00,20610.0,156.5,540.7,566.2,0.0,0.0,1.0,2.0,0.18534712060928343,1.0,REGULAR,USD,2024-11-15
NDX241115C20620000,2024-11-06 15:04:01+00:00,20620.0,238.12,531.7,557.0,0.0,0.0,2.0,6.0,0.18399482395172118,1.0,REGULAR,USD,2024-11-15
NDX241115C20625000,2024-11-07 15:05:46+00:00,20625.0,480.78,527.3,551.6,0.0,0.0,1.0,9.0,0.182362149848938,1.0,REGULAR,USD,2024-11-15
NDX241115C20630000,2024-11-06 16:43:07+00:00,20630.0,264.3,522.5,547.8,0.0,0.0,1.0,5.0,0.182619639339447,1.0,REGULAR,USD,2024-11-15
NDX241115C20640000,2024-11-06 15:03:02+00:00,20640.0,234.2,513.9,537.9,0.0,0.0,3.0,7.0,0.18040522972106934,1.0,REGULAR,USD,2024-11-15
NDX241115C20650000,2024-11-06 16:12:04+00:00,20650.0,223.8,504.9,529.5,0.0,0.0,2.0,32.0,0.17991695335388183,1.0,REGULAR,USD,2024-11-15
NDX241115C20660000,2024-11-06 16:43:12+00:00,20660.0,243.5,496.1,520.4,0.0,0.0,6.0,6.0,0.17858563732147215,1.0,REGULAR,USD,2024-11-15
NDX241115C20670000,2024-11-06 17:28:33+00:00,20670.0,239.0,486.9,511.4,0.0,0.0,3.0,15.0,0.17734396577835085,1.0,REGULAR,USD,2024-11-15
NDX241115C20675000,2024-11-01 17:45:14+00:00,20675.0,123.7,482.5,506.8,0.0,0.0,6.0,14.0,0.1765981999206543,1.0,REGULAR,USD,2024-11-15
NDX241115C20680000,2024-11-07 18:48:44+00:00,20680.0,459.63,477.7,502.3,0.0,0.0,2.0,4.0,0.17596115184783934,1.0,REGULAR,USD,2024-11-15
NDX241115C20690000,2024-11-06 17:31:02+00:00,20690.0,222.4,469.1,493.3,0.0,0.0,7.0,10.0,0.17466416774749755,1.0,REGULAR,USD,2024-11-15
NDX241115C20700000,2024-11-07 16:29:40+00:00,20700.0,439.1,460.3,484.4,0.0,0.0,204.0,68.0,0.1734472914886475,1.0,REGULAR,USD,2024-11-15
NDX241115C20710000,2024-11-01 17:45:14+00:00,20710.0,113.5,451.4,474.6,0.0,0.0,4.0,7.0,0.1712252525520325,1.0,REGULAR,USD,2024-11-15
NDX241115C20720000,2024-11-04 16:23:21+00:00,20720.0,101.7,442.6,466.6,0.0,0.0,2.0,2.0,0.17092580181121825,1.0,REGULAR,USD,2024-11-15
NDX241115C20725000,2024-11-06 14:58:07+00:00,20725.0,163.4,438.6,462.2,0.0,0.0,1.0,17.0,0.1703307149887085,1.0,REGULAR,USD,2024-11-15
NDX241115C20730000,2024-11-06 16:35:07+00:00,20730.0,194.1,434.3,457.7,0.0,0.0,3.0,8.0,0.16962118839263918,1.0,REGULAR,USD,2024-11-15
NDX241115C20740000,2024-11-06 16:50:37+00:00,20740.0,197.2,425.3,448.9,0.0,0.0,4.0,6.0,0.16838905349731448,1.0,REGULAR,USD,2024-11-15
NDX241115C20750000,2024-11-08 14:40:47+00:00,20750.0,431.2,416.7,439.7,16.160004,3.8936014,1.0,57.0,0.16671060348510747,1.0,REGULAR,USD,2024-11-15
NDX241115C20760000,2024-11-06 20:54:50+00:00,20760.0,228.85,408.2,431.5,0.0,0.0,3.0,6.0,0.16603731615066533,1.0,REGULAR,USD,2024-11-15
NDX241115C20770000,2024-11-06 19:00:14+00:00,20770.0,214.3,401.0,422.8,0.0,0.0,5.0,6.0,0.16480899591445924,1.0,REGULAR,USD,2024-11-15
NDX241115C20775000,2024-11-08 16:05:04+00:00,20775.0,371.6,395.5,418.5,177.40001,91.34913,1.0,19.0,0.16423107505798343,1.0,REGULAR,USD,2024-11-15
NDX241115C20780000,2024-11-07 18:48:44+00:00,20780.0,380.78,392.5,414.2,0.0,0.0,1.0,8.0,0.16364743221282962,1.0,REGULAR,USD,2024-11-15
NDX241115C20790000,2024-11-06 19:31:02+00:00,20790.0,221.2,384.4,405.6,0.0,0.0,2.0,9.0,0.16244772192001344,1.0,REGULAR,USD,2024-11-15
NDX241115C20800000,2024-11-08 17:20:26+00:00,20800.0,363.57,374.6,397.1,-56.630005,-13.476916,11.0,71.0,0.16131095350265504,1.0,REGULAR,USD,2024-11-15
NDX241115C20810000,2024-11-07 16:25:31+00:00,20810.0,351.49,367.6,387.7,0.0,0.0,10.0,17.0,0.15925485223770142,1.0,REGULAR,USD,2024-11-15
NDX241115C20825000,2024-11-06 20:38:13+00:00,20825.0,198.9,354.4,375.1,0.0,0.0,2.0,39.0,0.15757830955505372,1.0,REGULAR,USD,2024-11-15
NDX241115C20830000,2024-11-07 16:25:31+00:00,20830.0,336.47,350.1,370.9,0.0,0.0,10.0,15.0,0.1569984813690186,1.0,REGULAR,USD,2024-11-15
NDX241115C20840000,2024-11-06 17:10:13+00:00,20840.0,149.4,342.2,363.6,0.0,0.0,1.0,7.0,0.15685352432250982,1.0,REGULAR,USD,2024-11-15
NDX241115C20850000,2024-11-07 14:40:42+00:00,20850.0,277.25,334.2,355.4,0.0,0.0,7.0,183.0,0.15580067840576173,1.0,REGULAR,USD,2024-11-15
NDX241115C20860000,2024-11-04 18:00:56+00:00,20860.0,58.7,326.1,346.3,0.0,0.0,5.0,8.0,0.15386473890304567,1.0,REGULAR,USD,2024-11-15
NDX241115C20870000,2024-11-01 19:57:48+00:00,20870.0,68.05,318.2,334.1,0.0,0.0,6.0,6.0,0.14902393648147585,1.0,REGULAR,USD,2024-11-15
NDX241115C20875000,2024-11-06 15:13:42+00:00,20875.0,334.68,314.3,335.2,209.18,166.67729,1.0,3.0,0.15324867145538335,1.0,REGULAR,USD,2024-11-15
NDX241115C20880000,2024-11-06 15:16:33+00:00,20880.0,122.6,310.6,331.2,0.0,0.0,1.0,8.0,0.15273941446304323,1.0,REGULAR,USD,2024-11-15
NDX241115C20890000,2024-11-04 18:46:27+00:00,20890.0,56.6,302.8,322.3,0.0,0.0,3.0,8.0,0.15087213882446293,1.0,REGULAR,USD,2024-11-15
NDX241115C20900000,2024-11-08 18:12:14+00:00,20900.0,307.3,301.0,308.0,34.75,12.749955,10.0,36.0,0.14409158224105834,1.0,REGULAR,USD,2024-11-15
NDX241115C20910000,2024-11-06 15:09:54+00:00,20910.0,308.7,287.8,307.4,206.20001,201.17075,1.0,14.0,0.14961330131530762,1.0,REGULAR,USD,2024-11-15
NDX241115C20920000,2024-11-06 20:11:40+00:00,20920.0,158.3,280.3,299.8,0.0,0.0,4.0,22.0,0.1487664469909668,1.0,REGULAR,USD,2024-11-15
NDX241115C20925000,2024-11-07 14:42:02+00:00,20925.0,234.29,276.6,295.9,0.0,0.0,1.0,11.0,0.14823620937347415,1.0,REGULAR,USD,2024-11-15
NDX241115C20930000,2024-11-06 15:15:05+00:00,20930.0,106.3,272.9,292.2,0.0,0.0,1.0,10.0,0.14786618743896485,1.0,REGULAR,USD,2024-11-15
NDX241115C20940000,2024-11-07 15:40:36+00:00,20940.0,232.5,265.6,284.6,0.0,0.0,3.0,7.0,0.14691061532974242,1.0,REGULAR,USD,2024-11-15
NDX241115C20950000,2024-11-08 14:37:04+00:00,20950.0,279.35,263.9,270.9,75.3,36.90272,1.0,9.0,0.1406316864204407,1.0,REGULAR,USD,2024-11-15
NDX241115C20960000,2024-11-07 15:40:36+00:00,20960.0,220.55,251.2,269.8,0.0,0.0,2.0,15.0,0.14517685276031495,1.0,REGULAR,USD,2024-11-15
NDX241115C20970000,2024-11-05 19:22:15+00:00,20970.0,48.2,244.1,262.4,0.0,0.0,3.0,7.0,0.14422509531021116,1.0,REGULAR,USD,2024-11-15
NDX241115C20975000,2024-11-07 14:59:02+00:00,20975.0,233.13,240.7,258.8,15.950012,7.3441443,1.0,21.0,0.14381120479583737,1.0,REGULAR,USD,2024-11-15
NDX241115C20980000,2024-11-07 16:42:53+00:00,20980.0,249.45,237.0,255.2,0.0,0.0,2.0,5.0,0.1433830093097687,1.0,REGULAR,USD,2024-11-15
NDX241115C20990000,2024-11-06 20:54:56+00:00,20990.0,116.35,230.1,248.1,0.0,0.0,3.0,5.0,0.14256381126403808,1.0,REGULAR,USD,2024-11-15
NDX241115C21000000,2024-11-08 20:01:32+00:00,21000.0,227.5,229.3,235.3,-40.700012,-15.175246,7.0,68.0,0.13693146707534792,1.0,REGULAR,USD,2024-11-15
NDX241115C21010000,2024-11-07 15:09:09+00:00,21010.0,204.0,216.7,233.6,0.0,0.0,1.0,13.0,0.14049340502738955,1.0,REGULAR,USD,2024-11-15
NDX241115C21020000,2024-11-07 16:42:53+00:00,21020.0,225.4,210.3,227.3,0.0,0.0,3.0,21.0,0.14014913204193113,1.0,REGULAR,USD,2024-11-15
NDX241115C21025000,2024-11-07 16:47:01+00:00,21025.0,217.7,207.0,223.9,0.0,0.0,1.0,17.0,0.13974477817535402,1.0,REGULAR,USD,2024-11-15
NDX241115C21030000,2024-11-07 14:32:20+00:00,21030.0,153.4,203.7,220.5,0.0,0.0,1.0,7.0,0.13932516567230224,1.0,REGULAR,USD,2024-11-15
NDX241115C21040000,2024-11-06 15:46:19+00:00,21040.0,70.3,202.8,208.4,0.0,0.0,1.0,7.0,0.13410671199798585,1.0,REGULAR,USD,2024-11-15
NDX241115C21050000,2024-11-08 16:34:02+00:00,21050.0,189.55,196.5,201.4,-13.849991,-6.8092384,1.0,11.0,0.13300618284225463,1.0,REGULAR,USD,2024-11-15
NDX241115C21060000,2024-11-08 20:06:25+00:00,21060.0,194.4,190.3,195.1,-14.529999,-6.954482,2.0,6.0,0.1324034667015076,1.0,REGULAR,USD,2024-11-15
NDX241115C21075000,2024-11-08 18:37:53+00:00,21075.0,204.6,181.3,185.8,-10.399994,-4.8372064,3.0,26.0,0.13148222652435304,1.0,REGULAR,USD,2024-11-15
NDX241115C21090000,2024-11-08 15:18:34+00:00,21090.0,159.7,172.5,176.6,95.399994,148.367,1.0,4.0,0.1304751565170288,1.0,REGULAR,USD,2024-11-15
NDX241115C21100000,2024-11-08 20:57:57+00:00,21100.0,170.4,166.8,170.7,-39.200012,-18.702295,39.0,92.0,0.12989532833099365,1.0,REGULAR,USD,2024-11-15
NDX241115C21110000,2024-11-08 20:23:36+00:00,21110.0,155.7,161.2,164.9,-46.300003,-22.920795,5.0,11.0,0.12931931480407713,1.0,REGULAR,USD,2024-11-15
NDX241115C21120000,2024-11-08 20:31:03+00:00,21120.0,153.4,155.7,159.2,0.84999084,0.55718833,20.0,6.0,0.12874520860671998,0.0,REGULAR,USD,2024-11-15
NDX241115C21125000,2024-11-08 20:44:03+00:00,21125.0,149.7,153.1,156.3,-16.699997,-10.0360565,10.0,139.0,0.12838853797912594,0.0,REGULAR,USD,2024-11-15
NDX241115C21130000,2024-11-08 15:22:03+00:00,21130.0,149.5,150.2,153.5,78.23,109.76569,16.0,16.0,0.12809194823265074,0.0,REGULAR,USD,2024-11-15
NDX241115C21140000,2024-11-08 20:16:03+00:00,21140.0,146.8,145.0,148.1,-20.300003,-12.148416,10.0,12.0,0.12759890354156495,0.0,REGULAR,USD,2024-11-15
NDX241115C21150000,2024-11-08 20:32:14+00:00,21150.0,132.6,139.8,142.8,-29.09999,-17.996284,13.0,15.0,0.12710490518569945,0.0,REGULAR,USD,2024-11-15
NDX241115C21170000,2024-11-08 20:32:14+00:00,21170.0,123.0,129.5,132.5,-36.399994,-22.835632,13.0,8.0,0.12611023282051087,0.0,REGULAR,USD,2024-11-15
NDX241115C21175000,2024-11-08 18:37:53+00:00,21175.0,127.7,127.0,130.0,-21.800003,-14.581942,12.0,62.0,0.12587086296081543,0.0,REGULAR,USD,2024-11-15
NDX241115C21180000,2024-11-06 16:51:44+00:00,21180.0,44.4,124.6,127.6,0.0,0.0,2.0,4.0,0.12568966665267944,0.0,REGULAR,USD,2024-11-15
NDX241115C21200000,2024-11-07 20:22:09+00:00,21200.0,124.0,115.1,118.0,-29.929993,-19.4439,2.0,53.0,0.12475698249816894,0.0,REGULAR,USD,2024-11-15
NDX241115C21210000,2024-11-07 19:50:20+00:00,21210.0,108.8,110.6,113.4,-31.399994,-22.396574,3.0,6.0,0.12432592601776125,0.0,REGULAR,USD,2024-11-15
NDX241115C21225000,2024-11-08 20:54:06+00:00,21225.0,102.5,104.1,106.8,-32.399994,-24.017788,11.0,112.0,0.12376326379776001,0.0,REGULAR,USD,2024-11-15
NDX241115C21250000,2024-11-08 20:32:14+00:00,21250.0,92.3,93.6,96.3,-27.479996,-22.942057,15.0,29.0,0.12280578435897826,0.0,REGULAR,USD,2024-11-15
NDX241115C21275000,2024-11-07 20:35:17+00:00,21275.0,77.4,84.1,86.5,-36.299995,-31.926119,1.0,11.0,0.12188645151138308,0.0,REGULAR,USD,2024-11-15
NDX241115C21280000,2024-11-06 20:53:15+00:00,21280.0,73.8,82.2,84.7,32.600002,79.12622,3.0,5.0,0.12177391906738282,0.0,REGULAR,USD,2024-11-15
NDX241115C21300000,2024-11-08 20:57:46+00:00,21300.0,76.35,75.1,77.2,-33.75,-30.653952,45.0,22.0,0.12083265192985534,0.0,REGULAR,USD,2024-11-15
NDX241115C21325000,2024-11-08 18:33:17+00:00,21325.0,72.3,66.9,69.0,14.300003,24.655176,7.0,24.0,0.12019083553314208,0.0,REGULAR,USD,2024-11-15
NDX241115C21350000,2024-11-08 19:13:52+00:00,21350.0,66.9,59.5,61.4,-18.099998,-21.294117,13.0,33.0,0.11953852882385255,0.0,REGULAR,USD,2024-11-15
NDX241115C21375000,2024-11-08 15:26:53+00:00,21375.0,50.05,52.9,54.7,2.75,5.8139534,1.0,21.0,0.11919139484405518,0.0,REGULAR,USD,2024-11-15
NDX241115C21400000,2024-11-08 20:29:44+00:00,21400.0,44.2,46.6,48.5,-24.749996,-35.895573,14.0,29.0,0.11879085563659667,0.0,REGULAR,USD,2024-11-15
NDX241115C21425000,2024-11-07 20:08:26+00:00,21425.0,62.8,41.2,42.8,0.0,0.0,4.0,21.0,0.11835407716751098,0.0,REGULAR,USD,2024-11-15
NDX241115C21450000,2024-11-08 15:00:32+00:00,21450.0,44.78,36.2,37.7,-8.32,-15.6685505,2.0,69.0,0.11802220182418821,0.0,REGULAR,USD,2024-11-15
NDX241115C21475000,2024-11-08 19:32:56+00:00,21475.0,37.1,31.8,33.3,-11.920002,-24.31661,2.0,31.0,0.11797261125564576,0.0,REGULAR,USD,2024-11-15
NDX241115C21500000,2024-11-08 18:59:39+00:00,21500.0,34.0,27.8,29.2,-13.09,-27.797834,29.0,111.0,0.11776089767456055,0.0,REGULAR,USD,2024-11-15
NDX241115C21525000,2024-11-08 20:25:46+00:00,21525.0,24.7,24.3,25.6,-15.399998,-38.403984,4.0,8.0,0.11768078983306884,0.0,REGULAR,USD,2024-11-15
NDX241115C21550000,2024-11-08 14:51:54+00:00,21550.0,26.8,21.3,22.4,-13.049999,-32.747803,1.0,20.0,0.11765027256011963,0.0,REGULAR,USD,2024-11-15
NDX241115C21575000,2024-11-08 20:25:46+00:00,21575.0,18.9,18.6,19.7,-12.0,-38.834953,6.0,6.0,0.11789822540283201,0.0,REGULAR,USD,2024-11-15
NDX241115C21600000,2024-11-08 20:39:25+00:00,21600.0,16.47,16.2,17.3,-9.480001,-36.531796,16.0,59.0,0.11816906620025634,0.0,REGULAR,USD,2024-11-15
NDX241115C21625000,2024-11-08 14:44:06+00:00,21625.0,18.15,14.1,15.1,-7.1499996,-28.260868,1.0,16.0,0.11832928188323975,0.0,REGULAR,USD,2024-11-15
NDX241115C21650000,2024-11-07 20:51:39+00:00,21650.0,22.0,12.3,13.2,0.0,0.0,2.0,81.0,0.11860393733978271,0.0,REGULAR,USD,2024-11-15
NDX241115C21675000,2024-11-08 17:28:12+00:00,21675.0,10.4,10.7,11.6,2.7999997,36.842102,5.0,20.0,0.1190845843887329,0.0,REGULAR,USD,2024-11-15
NDX241115C21700000,2024-11-08 20:02:00+00:00,21700.0,9.85,9.3,10.2,-9.5,-49.095608,35.0,58.0,0.11961863666534424,0.0,REGULAR,USD,2024-11-15
NDX241115C21725000,2024-11-08 20:13:21+00:00,21725.0,8.4,8.2,9.0,4.3899994,109.47629,9.0,7.0,0.12027094337463379,0.0,REGULAR,USD,2024-11-15
NDX241115C21750000,2024-11-08 17:58:44+00:00,21750.0,7.95,7.1,7.9,-8.12,-50.52894,23.0,6.0,0.12082025428771972,0.0,REGULAR,USD,2024-11-15
NDX241115C21775000,2024-11-08 16:24:35+00:00,21775.0,7.08,6.2,7.0,-7.34,-50.901524,10.0,9.0,0.12162133270263673,0.0,REGULAR,USD,2024-11-15
NDX241115C21800000,2024-11-07 20:32:40+00:00,21800.0,6.3,5.5,6.3,-6.5,-50.78125,1.0,33.0,0.12278861839294433,0.0,REGULAR,USD,2024-11-15
NDX241115C21825000,2024-11-07 20:32:40+00:00,21825.0,11.58,4.8,5.5,0.0,0.0,4.0,7.0,0.12326163612365723,0.0,REGULAR,USD,2024-11-15
NDX241115C21850000,2024-11-07 18:01:36+00:00,21850.0,10.6,4.2,5.0,0.0,0.0,7.0,6.0,0.12463491340637206,0.0,REGULAR,USD,2024-11-15
NDX241115C21875000,2024-11-08 20:13:21+00:00,21875.0,4.2,3.7,4.4,-40.7,-90.645874,13.0,10.0,0.1252986640930176,0.0,REGULAR,USD,2024-11-15
NDX241115C21900000,2024-11-08 20:42:41+00:00,21900.0,3.68,3.3,4.0,-4.5199995,-55.121944,8.0,160.0,0.12664142410278317,0.0,REGULAR,USD,2024-11-15
NDX241115C21925000,2024-10-29 13:57:18+00:00,21925.0,14.8,3.0,3.6,0.0,0.0,18.0,13.0,0.1277553045654297,0.0,REGULAR,USD,2024-11-15
NDX241115C21950000,2024-11-07 20:46:51+00:00,21950.0,6.5,2.75,3.3,0.0,0.0,30.0,71.0,0.1292353923034668,0.0,REGULAR,USD,2024-11-15
NDX241115C21975000,2024-11-07 16:06:31+00:00,21975.0,6.1,2.3,3.0,0.0,0.0,2.0,9.0,0.13051711776733393,0.0,REGULAR,USD,2024-11-15
NDX241115C22000000,2024-11-08 19:46:38+00:00,22000.0,3.2,2.3,2.7,-2.3,-41.81818,7.0,134.0,0.13158522232055664,0.0,REGULAR,USD,2024-11-15
NDX241115C22025000,2024-10-30 14:10:03+00:00,22025.0,15.0,1.9,2.5,0.0,0.0,1.0,5.0,0.1332026377868652,0.0,REGULAR,USD,2024-11-15
NDX241115C22050000,2024-11-08 18:27:18+00:00,22050.0,2.48,1.9,2.3,-1.6700001,-40.240963,15.0,53.0,0.13465220825195315,0.0,REGULAR,USD,2024-11-15
NDX241115C22075000,2024-10-21 18:32:37+00:00,22075.0,12.3,1.75,2.15,0.0,0.0,8.0,13.0,0.13639169281005858,0.0,REGULAR,USD,2024-11-15
NDX241115C22100000,2024-11-08 20:42:41+00:00,22100.0,1.85,1.55,2.0,-2.25,-54.87805,3.0,27.0,0.1380091082763672,0.0,REGULAR,USD,2024-11-15
NDX241115C22125000,2024-11-08 21:14:03+00:00,22125.0,1.85,1.5,1.95,-1.9499999,-53.424656,4.0,16.0,0.14048100738525393,0.0,REGULAR,USD,2024-11-15
NDX241115C22150000,2024-11-01 17:08:35+00:00,22150.0,2.72,1.45,1.85,0.0,0.0,2.0,8.0,0.1424035955810547,0.0,REGULAR,USD,2024-11-15
NDX241115C22175000,2024-11-01 19:51:48+00:00,22175.0,2.03,1.1,1.8,0.0,0.0,3.0,3.0,0.14478394287109375,0.0,REGULAR,USD,2024-11-15
NDX241115C22200000,2024-11-06 19:32:10+00:00,22200.0,1.6,1.25,1.6,-0.5500001,-25.581398,1.0,28.0,0.14545532287597657,0.0,REGULAR,USD,2024-11-15
NDX241115C22225000,2024-11-08 17:14:58+00:00,22225.0,1.4,1.2,1.55,-1.4,-50.0,10.0,18.0,0.14771360107421877,0.0,REGULAR,USD,2024-11-15
NDX241115C22250000,2024-11-07 14:38:58+00:00,22250.0,2.05,1.15,1.5,0.0,0.0,1.0,6.0,0.14991084472656252,0.0,REGULAR,USD,2024-11-15
NDX241115C22275000,2024-11-08 17:17:45+00:00,22275.0,1.23,0.85,1.4,-1.04,-45.81498,4.0,5.0,0.15140619110107423,0.0,REGULAR,USD,2024-11-15
NDX241115C22300000,2024-10-30 16:34:53+00:00,22300.0,7.7,1.0,1.35,0.0,0.0,6.0,15.0,0.15351188293457033,0.0,REGULAR,USD,2024-11-15
NDX241115C22325000,2024-10-28 13:30:42+00:00,22325.0,6.6,0.75,1.3,0.0,0.0,2.0,6.0,0.15555654022216797,0.0,REGULAR,USD,2024-11-15
NDX241115C22350000,2024-11-07 15:45:50+00:00,22350.0,1.87,0.9,1.25,0.0,0.0,2.0,21.0,0.15757068023681642,0.0,REGULAR,USD,2024-11-15
NDX241115C22400000,2024-11-07 16:05:30+00:00,22400.0,1.95,0.8,1.25,0.0,0.0,1.0,50.0,0.16300275482177734,0.0,REGULAR,USD,2024-11-15
NDX241115C22425000,2024-11-05 17:19:23+00:00,22425.0,1.72,0.8,1.2,0.0,0.0,20.0,40.0,0.16492534301757814,0.0,REGULAR,USD,2024-11-15
NDX241115C22450000,2024-10-29 15:51:01+00:00,22450.0,5.79,0.6,1.15,0.0,0.0,,1.0,0.1667563793945313,0.0,REGULAR,USD,2024-11-15
NDX241115C22475000,2024-10-18 16:45:11+00:00,22475.0,6.8,0.6,1.1,0.0,0.0,1.0,1.0,0.16858741577148442,0.0,REGULAR,USD,2024-11-15
NDX241115C22500000,2024-11-07 15:45:50+00:00,22500.0,1.57,0.7,1.1,0.0,0.0,2.0,31.0,0.1712119012451172,0.0,REGULAR,USD,2024-11-15
NDX241115C22525000,2024-11-07 16:08:53+00:00,22525.0,1.7,0.65,1.05,0.0,0.0,1.0,13.0,0.17295138580322267,0.0,REGULAR,USD,2024-11-15
NDX241115C22550000,2024-10-28 17:21:21+00:00,22550.0,3.9,0.6,1.05,0.0,0.0,,7.0,0.17557587127685548,0.0,REGULAR,USD,2024-11-15
NDX241115C22575000,2024-10-17 15:59:55+00:00,22575.0,7.8,0.45,1.0,0.0,0.0,,1.0,0.17722380401611326,0.0,REGULAR,USD,2024-11-15
NDX241115C22600000,2024-11-04 16:57:00+00:00,22600.0,0.95,0.55,1.05,0.0,0.0,1.0,20.0,0.18079432495117187,0.0,REGULAR,USD,2024-11-15
NDX241115C22700000,2024-10-23 14:19:49+00:00,22700.0,3.35,0.5,0.9,0.0,0.0,2.0,20.0,0.18799640136718748,0.0,REGULAR,USD,2024-11-15
NDX241115C22750000,2024-11-01 17:08:35+00:00,22750.0,1.02,0.35,0.95,0.0,0.0,2.0,2.0,0.1941608905029297,0.0,REGULAR,USD,2024-11-15
NDX241115C22775000,2024-10-02 15:48:02+00:00,22775.0,6.9,0.5,1.2,0.0,0.0,,1.0,0.2018512432861328,0.0,REGULAR,USD,2024-11-15
NDX241115C22800000,2024-10-31 16:33:43+00:00,22800.0,1.53,0.35,0.9,0.0,0.0,2.0,31.0,0.1980976187133789,0.0,REGULAR,USD,2024-11-15
NDX241115C22825000,2024-10-09 15:26:18+00:00,22825.0,7.1,0.3,0.9,0.0,0.0,1.0,0.0,0.20063055236816402,0.0,REGULAR,USD,2024-11-15
NDX241115C22850000,2024-11-01 18:08:30+00:00,22850.0,0.87,0.3,0.85,0.0,0.0,20.0,20.0,0.20191227783203125,0.0,REGULAR,USD,2024-11-15
NDX241115C22900000,2024-10-29 16:53:14+00:00,22900.0,2.78,0.25,0.85,0.0,0.0,20.0,31.0,0.20685607604980466,0.0,REGULAR,USD,2024-11-15
NDX241115C22925000,2024-10-14 13:56:33+00:00,22925.0,7.8,0.2,0.85,0.0,0.0,,1.0,0.2093584924316406,0.0,REGULAR,USD,2024-11-15
NDX241115C22975000,2024-10-21 19:59:04+00:00,22975.0,2.51,0.2,0.8,0.0,0.0,1.0,1.0,0.21295953063964845,0.0,REGULAR,USD,2024-11-15
NDX241115C23000000,2024-11-08 20:21:40+00:00,23000.0,0.42,0.2,0.8,-0.98,-70.0,2.0,46.0,0.21540091247558596,0.0,REGULAR,USD,2024-11-15
NDX241115C23050000,2024-09-26 16:39:36+00:00,23050.0,13.35,1.25,2.15,0.0,0.0,,1.0,0.24593344406127932,0.0,REGULAR,USD,2024-11-15
NDX241115C23100000,2024-10-16 15:52:06+00:00,23100.0,2.77,0.15,0.75,0.0,0.0,20.0,21.0,0.2237016107177734,0.0,REGULAR,USD,2024-11-15
NDX241115C23200000,2024-11-01 18:54:04+00:00,23200.0,0.68,0.1,0.7,0.0,0.0,1.0,1.0,0.23169713623046873,0.0,REGULAR,USD,2024-11-15
NDX241115C23225000,2024-11-01 19:51:48+00:00,23225.0,0.5,0.15,0.65,0.0,0.0,2.0,2.0,0.23236851623535154,0.0,REGULAR,USD,2024-11-15
NDX241115C23250000,2024-10-16 15:52:45+00:00,23250.0,2.35,0.15,0.65,0.0,0.0,10.0,10.0,0.23474886352539062,0.0,REGULAR,USD,2024-11-15
NDX241115C23300000,2024-10-14 14:44:32+00:00,23300.0,4.13,0.1,0.65,0.0,0.0,,1.0,0.23938748901367185,0.0,REGULAR,USD,2024-11-15
NDX241115C23400000,2024-10-14 20:02:39+00:00,23400.0,3.36,0.1,0.6,0.0,0.0,13.0,15.0,0.24683370361328127,0.0,REGULAR,USD,2024-11-15
NDX241115C23425000,2024-10-29 15:33:05+00:00,23425.0,1.6,0.1,0.6,0.0,0.0,,8.0,0.24915301635742187,0.0,REGULAR,USD,2024-11-15
NDX241115C23500000,2024-11-07 20:28:16+00:00,23500.0,0.65,0.1,0.55,0.0,0.0,1.0,29.0,0.2539747454833985,0.0,REGULAR,USD,2024-11-15
NDX241115C23725000,2024-10-31 16:01:22+00:00,23725.0,0.65,0.05,0.5,0.0,0.0,,1.0,0.2718578674316406,0.0,REGULAR,USD,2024-11-15
NDX241115C23750000,2024-11-04 20:50:09+00:00,23750.0,0.45,0.05,0.5,0.0,0.0,1.0,21.0,0.27411614562988285,0.0,REGULAR,USD,2024-11-15
NDX241115C23775000,2024-10-29 15:33:05+00:00,23775.0,1.2,0.05,0.5,0.0,0.0,,25.0,0.27637442382812494,0.0,REGULAR,USD,2024-11-15
NDX241115C23900000,2024-10-29 15:02:16+00:00,23900.0,1.0,0.05,0.45,0.0,0.0,14.0,16.0,0.2846751220703124,0.0,REGULAR,USD,2024-11-15
NDX241115C24000000,2024-11-07 20:00:04+00:00,24000.0,0.5,0.05,0.45,0.0,0.0,1.0,22.0,0.2933420275878905,0.0,REGULAR,USD,2024-11-15
NDX241115C24500000,2024-11-01 17:24:15+00:00,24500.0,0.15,0.0,0.35,0.0,0.0,1.0,60.0,0.32874206420898433,0.0,REGULAR,USD,2024-11-15
NDX241115C25000000,2024-10-07 17:08:30+00:00,25000.0,0.41,0.0,0.2,0.0,0.0,1.0,1.0,0.3530338134765625,0.0,REGULAR,USD,2024-11-15
NDX241115C25300000,2024-11-07 20:39:04+00:00,25300.0,0.05,0.0,0.05,0.0,0.0,1.0,27.0,0.340826904296875,0.0,REGULAR,USD,2024-11-15
NDX241115C26200000,2024-11-07 20:39:04+00:00,26200.0,0.05,0.0,0.3,0.0,0.0,2.0,2.0,0.45606012695312503,0.0,REGULAR,USD,2024-11-15
NDXP241118C18900000,2024-11-01 18:05:04+00:00,18900.0,1285.0,2226.7,2255.2,0.0,0.0,1.0,1.0,0.41375555732727054,1.0,REGULAR,USD,2024-11-18
NDXP241118C20000000,2024-11-08 15:22:00+00:00,20000.0,1119.15,1136.1,1163.8,301.59003,36.889038,4.0,1.0,0.25256713626861577,1.0,REGULAR,USD,2024-11-18
NDXP241118C20100000,2024-11-07 15:11:38+00:00,20100.0,957.92,1038.3,1065.8,0.0,0.0,2.0,3.0,0.2384452682113647,1.0,REGULAR,USD,2024-11-18
NDXP241118C20250000,2024-11-07 19:50:54+00:00,20250.0,875.29,892.0,919.8,-29.440002,-3.2540097,1.0,4.0,0.21763439538955687,1.0,REGULAR,USD,2024-11-18
NDXP241118C20300000,2024-11-08 15:57:03+00:00,20300.0,829.25,844.2,871.7,311.95,60.303505,1.0,9.0,0.2110865330123901,1.0,REGULAR,USD,2024-11-18
NDXP241118C20350000,2024-11-07 15:07:45+00:00,20350.0,731.84,796.7,823.9,0.0,0.0,1.0,2.0,0.2046798130226135,1.0,REGULAR,USD,2024-11-18
NDXP241118C20475000,2024-10-31 18:43:10+00:00,20475.0,187.0,680.0,705.9,0.0,0.0,,1.0,0.18919611166000366,1.0,REGULAR,USD,2024-11-18
NDXP241118C20500000,2024-11-07 15:07:45+00:00,20500.0,600.84,658.2,683.5,0.0,0.0,1.0,2.0,0.18713428840637208,1.0,REGULAR,USD,2024-11-18
NDXP241118C20525000,2024-10-31 17:26:30+00:00,20525.0,182.6,634.3,659.7,0.0,0.0,,2.0,0.1834951036071777,1.0,REGULAR,USD,2024-11-18
NDXP241118C20550000,2024-11-07 14:55:46+00:00,20550.0,528.08,612.9,637.6,0.0,0.0,1.0,1.0,0.18150385154724122,1.0,REGULAR,USD,2024-11-18
NDXP241118C20575000,2024-10-30 13:59:46+00:00,20575.0,383.58,590.5,614.9,0.0,0.0,1.0,1.0,0.17877255561828612,1.0,REGULAR,USD,2024-11-18
NDXP241118C20600000,2024-11-07 15:33:18+00:00,20600.0,501.68,568.2,592.4,0.0,0.0,7.0,37.0,0.17611755287170414,1.0,REGULAR,USD,2024-11-18
NDXP241118C20625000,2024-10-31 17:22:22+00:00,20625.0,150.9,545.1,569.4,0.0,0.0,,2.0,0.17286364864349368,1.0,REGULAR,USD,2024-11-18
NDXP241118C20650000,2024-11-08 15:26:29+00:00,20650.0,502.17,524.5,548.0,40.04001,8.66423,1.0,10.0,0.17097539237976075,1.0,REGULAR,USD,2024-11-18
NDXP241118C20700000,2024-11-07 14:43:55+00:00,20700.0,410.3,481.7,504.5,0.0,0.0,1.0,40.0,0.16606974075317388,1.0,REGULAR,USD,2024-11-18
NDXP241118C20725000,2024-10-25 18:03:07+00:00,20725.0,275.95,459.6,482.4,0.0,0.0,2.0,1.0,0.16308095533370973,1.0,REGULAR,USD,2024-11-18
NDXP241118C20750000,2024-11-07 19:55:07+00:00,20750.0,427.22,439.0,461.3,-26.880005,-5.919402,2.0,8.0,0.16078834520339966,1.0,REGULAR,USD,2024-11-18
NDXP241118C20800000,2024-11-07 19:55:07+00:00,20800.0,415.2,399.6,420.6,0.0,0.0,5.0,6.0,0.15686496829986574,1.0,REGULAR,USD,2024-11-18
NDXP241118C20900000,2024-11-08 17:22:55+00:00,20900.0,311.6,328.2,334.4,54.369995,21.136723,51.0,56.0,0.14294718450546265,1.0,REGULAR,USD,2024-11-18
NDXP241118C20925000,2024-10-25 18:02:58+00:00,20925.0,195.16,305.9,324.7,0.0,0.0,2.0,1.0,0.1477174157333374,1.0,REGULAR,USD,2024-11-18
NDXP241118C20950000,2024-11-08 20:00:18+00:00,20950.0,290.3,290.7,298.4,22.399994,8.361327,2.0,2.0,0.14001943363189695,1.0,REGULAR,USD,2024-11-18
NDXP241118C20975000,2024-10-31 17:22:22+00:00,20975.0,68.08,271.1,288.7,0.0,0.0,,0.0,0.14404962099075316,1.0,REGULAR,USD,2024-11-18
NDXP241118C21000000,2024-11-07 20:30:42+00:00,21000.0,290.01,258.1,263.8,0.0,0.0,6.0,55.0,0.13694863304138186,1.0,REGULAR,USD,2024-11-18
NDXP241118C21100000,2024-11-08 16:22:33+00:00,21100.0,181.81,197.0,200.4,-34.440002,-15.926013,1.0,6.0,0.1311026679420471,1.0,REGULAR,USD,2024-11-18
NDXP241118C21175000,2024-11-07 17:02:40+00:00,21175.0,171.9,156.7,160.4,0.0,0.0,5.0,5.0,0.12828363485336303,0.0,REGULAR,USD,2024-11-18
NDXP241118C21225000,2024-11-04 20:43:53+00:00,21225.0,20.0,132.7,136.2,0.0,0.0,5.0,5.0,0.12625042154312133,0.0,REGULAR,USD,2024-11-18
NDXP241118C21250000,2024-11-08 20:00:07+00:00,21250.0,124.66,121.7,125.1,-28.14,-18.41623,1.0,12.0,0.1253558839797974,0.0,REGULAR,USD,2024-11-18
NDXP241118C21300000,2024-11-07 19:45:26+00:00,21300.0,116.7,101.0,104.7,0.0,0.0,1.0,3.0,0.12366598999023437,0.0,REGULAR,USD,2024-11-18
NDXP241118C21325000,2024-11-04 20:43:53+00:00,21325.0,14.8,92.5,95.5,0.0,0.0,12.0,13.0,0.12295074140548706,0.0,REGULAR,USD,2024-11-18
NDXP241118C21400000,2024-11-08 19:50:31+00:00,21400.0,74.4,68.9,71.2,35.050003,89.07243,2.0,22.0,0.1208908254814148,0.0,REGULAR,USD,2024-11-18
NDXP241118C21450000,2024-11-06 18:47:46+00:00,21450.0,30.2,0.0,0.0,0.0,0.0,,0.0,0.015634843750000002,0.0,REGULAR,USD,2024-11-18
NDXP241118C21500000,2024-11-08 20:00:07+00:00,21500.0,47.45,45.3,47.1,-18.73,-28.301601,4.0,55.0,0.11936496183395384,0.0,REGULAR,USD,2024-11-18
NDXP241118C21575000,2024-10-29 18:49:06+00:00,21575.0,60.7,32.3,34.1,0.0,0.0,6.0,3.0,0.11894344200134277,0.0,REGULAR,USD,2024-11-18
NDXP241118C21600000,2024-11-07 16:54:41+00:00,21600.0,28.2,28.7,30.5,-17.349998,-38.090008,1.0,7.0,0.1188442608642578,0.0,REGULAR,USD,2024-11-18
NDXP241118C21625000,2024-11-07 15:54:57+00:00,21625.0,25.35,25.8,27.3,-9.65,-27.571426,1.0,2.0,0.1188595195007324,0.0,REGULAR,USD,2024-11-18
NDXP241118C21700000,2024-11-05 17:22:22+00:00,21700.0,7.5,18.1,19.5,0.0,0.0,5.0,7.0,0.11918376552581787,0.0,REGULAR,USD,2024-11-18
NDXP241118C21725000,2024-10-25 17:09:51+00:00,21725.0,41.3,16.2,17.4,0.0,0.0,6.0,2.0,0.11935161052703856,0.0,REGULAR,USD,2024-11-18
NDXP241118C21750000,2024-11-07 20:30:37+00:00,21750.0,25.35,14.5,15.7,0.0,0.0,6.0,3.0,0.1198932921218872,0.0,REGULAR,USD,2024-11-18
NDXP241118C21850000,2024-11-07 15:45:53+00:00,21850.0,14.1,9.1,10.2,0.0,0.0,1.0,2.0,0.12172432849884034,0.0,REGULAR,USD,2024-11-18
NDXP241118C22200000,2024-10-29 17:18:54+00:00,22200.0,12.83,2.4,3.3,0.0,0.0,,1.0,0.13694863304138186,0.0,REGULAR,USD,2024-11-18
NDXP241118C22300000,2024-10-28 13:30:41+00:00,22300.0,7.5,1.8,2.45,0.0,0.0,,1.0,0.14133549102783205,0.0,REGULAR,USD,2024-11-18
NDXP241118C22325000,2024-11-07 17:07:36+00:00,22325.0,3.8,1.7,2.35,0.0,0.0,1.0,1.0,0.14302919967651367,0.0,REGULAR,USD,2024-11-18
NDXP241118C22375000,2024-10-25 13:30:45+00:00,22375.0,7.1,1.5,2.15,0.0,0.0,1.0,1.0,0.14624877197265623,0.0,REGULAR,USD,2024-11-18
NDXP241118C22400000,2024-11-05 20:24:53+00:00,22400.0,2.27,1.45,2.1,0.0,0.0,1.0,2.0,0.1482323947143555,0.0,REGULAR,USD,2024-11-18
NDXP241118C22425000,2024-10-25 13:30:45+00:00,22425.0,6.6,1.35,1.95,0.0,0.0,1.0,1.0,0.1492394647216797,0.0,REGULAR,USD,2024-11-18
NDXP241118C22450000,2024-10-25 13:30:45+00:00,22450.0,6.5,1.3,1.95,0.0,0.0,1.0,1.0,0.15163507064819337,0.0,REGULAR,USD,2024-11-18
NDXP241118C22475000,2024-10-25 13:30:45+00:00,22475.0,6.3,1.25,1.85,0.0,0.0,1.0,1.0,0.15300834793090823,0.0,REGULAR,USD,2024-11-18
NDXP241118C22575000,2024-10-28 13:30:41+00:00,22575.0,4.0,1.0,1.65,0.0,0.0,,1.0,0.16019516571044923,0.0,REGULAR,USD,2024-11-18
NDXP241118C22625000,2024-10-25 13:30:45+00:00,22625.0,5.9,0.95,1.55,0.0,0.0,1.0,1.0,0.16359784164428715,0.0,REGULAR,USD,2024-11-18
NDXP241118C22675000,2024-10-28 13:30:42+00:00,22675.0,3.3,0.85,1.45,0.0,0.0,,1.0,0.16686318984985354,0.0,REGULAR,USD,2024-11-18
NDXP241118C22800000,2024-10-25 13:30:46+00:00,22800.0,5.7,0.7,1.35,0.0,0.0,1.0,1.0,0.17667449310302735,0.0,REGULAR,USD,2024-11-18
NDXP241118C22825000,2024-10-25 13:30:46+00:00,22825.0,5.7,0.7,1.35,0.0,0.0,1.0,1.0,0.1789022540283203,0.0,REGULAR,USD,2024-11-18
NDXP241118C23275000,2024-10-25 13:30:46+00:00,23275.0,2.2,0.35,0.9,0.0,0.0,1.0,1.0,0.20887021606445308,0.0,REGULAR,USD,2024-11-18
NDXP241119C19900000,2024-10-16 17:51:10+00:00,19900.0,721.5,1239.0,1267.2,0.0,0.0,,1.0,0.2629925996398926,1.0,REGULAR,USD,2024-11-19
NDXP241119C20000000,2024-11-05 17:38:55+00:00,20000.0,530.4,1142.5,1170.0,0.0,0.0,1.0,2.0,0.25056634756088253,1.0,REGULAR,USD,2024-11-19
NDXP241119C20200000,2024-11-07 14:35:14+00:00,20200.0,801.15,948.0,975.2,0.0,0.0,1.0,1.0,0.2235623756599426,1.0,REGULAR,USD,2024-11-19
NDXP241119C20300000,2024-11-07 14:35:14+00:00,20300.0,713.12,852.9,880.0,0.0,0.0,1.0,1.0,0.21173502506256103,1.0,REGULAR,USD,2024-11-19
NDXP241119C20600000,2024-11-07 16:46:08+00:00,20600.0,568.28,579.6,603.6,0.0,0.0,1.0,33.0,0.17874013101577757,1.0,REGULAR,USD,2024-11-19
NDXP241119C20625000,2024-10-31 15:33:31+00:00,20625.0,160.1,557.9,581.6,0.0,0.0,,1.0,0.17630065650939944,1.0,REGULAR,USD,2024-11-19
NDXP241119C20725000,2024-10-30 19:35:14+00:00,20725.0,283.07,473.9,496.0,0.0,0.0,,1.0,0.1671645479202271,1.0,REGULAR,USD,2024-11-19
NDXP241119C20750000,2024-11-07 20:30:43+00:00,20750.0,486.65,453.5,475.6,0.0,0.0,9.0,5.0,0.16529155029296877,1.0,REGULAR,USD,2024-11-19
NDXP241119C20975000,2024-11-01 16:57:40+00:00,20975.0,76.7,288.0,304.3,0.0,0.0,5.0,5.0,0.14851658681869506,1.0,REGULAR,USD,2024-11-19
NDXP241119C21100000,2024-11-07 20:56:05+00:00,21100.0,195.1,214.2,217.7,-36.949997,-15.923291,1.0,3.0,0.13685612755775456,1.0,REGULAR,USD,2024-11-19
NDXP241119C21300000,2024-11-08 18:07:30+00:00,21300.0,116.85,116.6,119.9,41.15,54.359314,1.0,1.0,0.12906754730224607,0.0,REGULAR,USD,2024-11-19
NDXP241119C21400000,2024-10-18 16:56:11+00:00,21400.0,88.21,82.2,84.9,0.0,0.0,2.0,0.0,0.12645069114685056,0.0,REGULAR,USD,2024-11-19
NDXP241119C21500000,2024-11-08 19:57:12+00:00,21500.0,59.9,56.2,58.4,-17.25,-22.359041,12.0,41.0,0.12462919141769407,0.0,REGULAR,USD,2024-11-19
NDXP241119C21600000,2024-10-31 16:11:54+00:00,21600.0,14.85,37.3,39.3,0.0,0.0,1.0,1.0,0.123675526638031,0.0,REGULAR,USD,2024-11-19
NDXP241119C22250000,2024-11-05 21:09:03+00:00,22250.0,2.95,2.85,3.7,0.0,0.0,2.0,2.0,0.13842872077941895,0.0,REGULAR,USD,2024-11-19
NDXP241119C22275000,2024-10-25 13:30:45+00:00,22275.0,9.8,2.65,3.5,0.0,0.0,1.0,1.0,0.1397943687438965,0.0,REGULAR,USD,2024-11-19
NDXP241119C22300000,2024-10-25 13:30:45+00:00,22300.0,9.5,2.5,3.3,0.0,0.0,1.0,1.0,0.14107609420776368,0.0,REGULAR,USD,2024-11-19
NDXP241119C22325000,2024-10-25 13:30:45+00:00,22325.0,9.3,2.3,3.1,0.0,0.0,1.0,1.0,0.14227389717102049,0.0,REGULAR,USD,2024-11-19
NDXP241119C22350000,2024-10-25 13:30:45+00:00,22350.0,9.1,2.15,2.95,0.0,0.0,1.0,1.0,0.1437158383178711,0.0,REGULAR,USD,2024-11-19
NDXP241119C22500000,2024-11-06 15:27:40+00:00,22500.0,2.13,1.55,2.25,0.0,0.0,1.0,2.0,0.15252007156372072,0.0,REGULAR,USD,2024-11-19
NDXP241119C22625000,2024-10-25 13:30:46+00:00,22625.0,7.5,1.2,1.9,0.0,0.0,1.0,1.0,0.16056137298583983,0.0,REGULAR,USD,2024-11-19
NDXP241119C22950000,2024-10-25 13:30:44+00:00,22950.0,7.6,0.75,1.4,0.0,0.0,1.0,1.0,0.1825948440551758,0.0,REGULAR,USD,2024-11-19
NDXP241119C23300000,2024-11-01 13:30:50+00:00,23300.0,1.5,0.5,1.05,0.0,0.0,2.0,3.0,0.20520814331054685,0.0,REGULAR,USD,2024-11-19
NDXP241120C19800000,2024-10-31 15:54:51+00:00,19800.0,551.44,1338.7,1376.9,0.0,0.0,,1.0,0.2818408303451538,1.0,REGULAR,USD,2024-11-20
NDXP241120C19900000,2024-11-07 14:37:01+00:00,19900.0,1093.36,1240.9,1276.1,0.0,0.0,10.0,12.0,0.2647511574935913,1.0,REGULAR,USD,2024-11-20
NDXP241120C19925000,2024-11-07 14:37:01+00:00,19925.0,1069.05,1216.5,1251.7,0.0,0.0,10.0,10.0,0.26151060457229613,1.0,REGULAR,USD,2024-11-20
NDXP241120C19950000,2024-11-04 14:33:35+00:00,19950.0,459.14,1192.2,1227.3,0.0,0.0,1.0,1.0,0.25824334903717044,1.0,REGULAR,USD,2024-11-20
NDXP241120C19975000,2024-11-04 14:33:35+00:00,19975.0,444.56,1166.7,1205.6,0.0,0.0,1.0,1.0,0.25832345687866215,1.0,REGULAR,USD,2024-11-20
NDXP241120C20200000,2024-11-06 17:25:58+00:00,20200.0,612.62,951.7,985.8,0.0,0.0,1.0,1.0,0.2268200945472717,1.0,REGULAR,USD,2024-11-20
NDXP241120C20250000,2024-10-31 13:55:13+00:00,20250.0,362.04,903.3,940.8,0.0,0.0,,6.0,0.22358907827377317,1.0,REGULAR,USD,2024-11-20
NDXP241120C20275000,2024-10-31 13:51:36+00:00,20275.0,351.25,881.0,918.3,0.0,0.0,,2.0,0.22181907644271848,1.0,REGULAR,USD,2024-11-20
NDXP241120C20300000,2024-10-16 17:57:10+00:00,20300.0,474.5,856.4,893.6,0.0,0.0,,4.0,0.21771831789016724,1.0,REGULAR,USD,2024-11-20
NDXP241120C20400000,2024-10-16 18:00:19+00:00,20400.0,423.1,765.2,799.6,0.0,0.0,,1.0,0.20566590240478516,1.0,REGULAR,USD,2024-11-20
NDXP241120C20500000,2024-11-06 17:25:58+00:00,20500.0,391.68,675.0,706.6,0.0,0.0,2.0,2.0,0.19349523248672487,1.0,REGULAR,USD,2024-11-20
NDXP241120C20525000,2024-11-04 19:42:13+00:00,20525.0,186.44,652.9,686.5,0.0,0.0,1.0,2.0,0.19300886344909668,1.0,REGULAR,USD,2024-11-20
NDXP241120C20550000,2024-11-04 19:42:13+00:00,20550.0,177.17,631.0,665.3,0.0,0.0,1.0,3.0,0.1914067066192627,1.0,REGULAR,USD,2024-11-20
NDXP241120C20700000,2024-11-06 19:41:25+00:00,20700.0,320.0,503.5,535.7,0.0,0.0,1.0,36.0,0.1771246228790283,1.0,REGULAR,USD,2024-11-20
NDXP241120C20750000,2024-11-08 21:09:19+00:00,20750.0,473.99,474.0,484.5,344.69,266.5816,18.0,4.0,0.16546130262374878,1.0,REGULAR,USD,2024-11-20
NDXP241120C20800000,2024-11-06 17:25:58+00:00,20800.0,215.05,434.6,442.3,0.0,0.0,1.0,1.0,0.16009789190292356,1.0,REGULAR,USD,2024-11-20
NDXP241120C20825000,2024-11-01 17:58:33+00:00,20825.0,113.1,406.1,431.6,0.0,0.0,1.0,1.0,0.16451240616798402,1.0,REGULAR,USD,2024-11-20
NDXP241120C20925000,2024-11-01 19:29:20+00:00,20925.0,85.5,333.3,356.8,0.0,0.0,6.0,6.0,0.15730556142807006,1.0,REGULAR,USD,2024-11-20
NDXP241120C20950000,2024-11-01 19:29:20+00:00,20950.0,80.2,325.9,331.3,0.0,0.0,1.0,1.0,0.15054503180503848,1.0,REGULAR,USD,2024-11-20
NDXP241120C21000000,2024-11-07 17:14:57+00:00,21000.0,294.82,292.5,298.4,0.0,0.0,1.0,7.0,0.14830964156150817,1.0,REGULAR,USD,2024-11-20
NDXP241120C21025000,2024-11-07 17:14:57+00:00,21025.0,279.92,275.3,281.0,0.0,0.0,1.0,6.0,0.14621920836448665,1.0,REGULAR,USD,2024-11-20
NDXP241120C21075000,2024-11-01 15:43:14+00:00,21075.0,72.0,245.3,250.3,0.0,0.0,3.0,3.0,0.14389989562034605,1.0,REGULAR,USD,2024-11-20
NDXP241120C21100000,2024-11-07 14:39:05+00:00,21100.0,187.4,230.8,235.1,0.0,0.0,1.0,3.0,0.1424398348426819,1.0,REGULAR,USD,2024-11-20
NDXP241120C21200000,2024-11-07 15:22:36+00:00,21200.0,159.5,177.0,180.3,0.0,0.0,2.0,4.0,0.13759903242111207,0.0,REGULAR,USD,2024-11-20
NDXP241120C21250000,2024-11-08 21:09:19+00:00,21250.0,153.43,154.1,157.0,-0.47000122,-0.3053939,18.0,3.0,0.13602548553466798,0.0,REGULAR,USD,2024-11-20
NDXP241120C21300000,2024-11-06 18:57:36+00:00,21300.0,67.72,132.0,135.4,0.0,0.0,1.0,7.0,0.13433749887466434,0.0,REGULAR,USD,2024-11-20
NDXP241120C21400000,2024-11-07 15:20:12+00:00,21400.0,101.6,96.0,98.9,5.5999985,5.833332,1.0,4.0,0.13170538408279422,0.0,REGULAR,USD,2024-11-20
NDXP241120C21500000,2024-11-08 20:04:29+00:00,21500.0,68.75,67.4,69.9,-16.779999,-19.618847,12.0,1.0,0.12934220275878905,0.0,REGULAR,USD,2024-11-20
NDXP241120C22150000,2024-10-28 13:30:40+00:00,22150.0,13.1,5.4,6.4,0.0,0.0,,1.0,0.13459117370605472,0.0,REGULAR,USD,2024-11-20
NDXP241120C22175000,2024-10-28 13:30:41+00:00,22175.0,12.3,5.0,6.1,0.0,0.0,,1.0,0.13610177871704104,0.0,REGULAR,USD,2024-11-20
NDXP241120C22775000,2024-10-25 13:30:45+00:00,22775.0,6.2,1.25,1.9,0.0,0.0,1.0,1.0,0.1670920693969727,0.0,REGULAR,USD,2024-11-20
NDXP241120C23250000,2024-10-31 13:30:47+00:00,23250.0,1.9,0.65,1.25,0.0,0.0,,2.0,0.19696847961425779,0.0,REGULAR,USD,2024-11-20
NDXP241120C23275000,2024-10-31 13:30:47+00:00,23275.0,1.9,0.65,1.25,0.0,0.0,,1.0,0.19889106781005855,0.0,REGULAR,USD,2024-11-20
NDXP241120C23300000,2024-10-31 13:30:48+00:00,23300.0,1.9,0.65,1.25,0.0,0.0,,2.0,0.20084417327880855,0.0,REGULAR,USD,2024-11-20
NDXP241121C19850000,2024-11-01 15:15:37+00:00,19850.0,655.9,1297.0,1336.9,0.0,0.0,4.0,2.0,0.2762714280319213,1.0,REGULAR,USD,2024-11-21
NDXP241121C20100000,2024-11-01 18:33:23+00:00,20100.0,443.78,1060.0,1098.7,0.0,0.0,1.0,1.0,0.24870097925186158,1.0,REGULAR,USD,2024-11-21
NDXP241121C20125000,2024-11-01 18:33:23+00:00,20125.0,429.83,1036.7,1075.3,0.0,0.0,1.0,1.0,0.24614706497192385,1.0,REGULAR,USD,2024-11-21
NDXP241121C20300000,2024-10-17 17:09:37+00:00,20300.0,560.37,877.6,912.6,0.0,0.0,,7.0,0.2277604080200195,1.0,REGULAR,USD,2024-11-21
NDXP241121C20400000,2024-11-07 14:38:24+00:00,20400.0,683.13,787.5,823.8,0.0,0.0,1.0,10.0,0.2195226516532898,1.0,REGULAR,USD,2024-11-21
NDXP241121C20500000,2024-11-07 14:38:24+00:00,20500.0,603.47,702.2,735.2,0.0,0.0,1.0,2.0,0.21003368709564207,1.0,REGULAR,USD,2024-11-21
NDXP241121C20525000,2024-11-01 18:25:41+00:00,20525.0,233.7,681.1,714.7,0.0,0.0,1.0,1.0,0.2087347956657409,1.0,REGULAR,USD,2024-11-21
NDXP241121C20600000,2024-11-07 14:34:35+00:00,20600.0,517.35,618.8,650.4,0.0,0.0,2.0,12.0,0.20197140504837036,1.0,REGULAR,USD,2024-11-21
NDXP241121C20700000,2024-11-07 14:43:39+00:00,20700.0,475.85,547.7,556.8,0.0,0.0,4.0,2.0,0.18589261686325073,1.0,REGULAR,USD,2024-11-21
NDXP241121C20725000,2024-10-31 17:39:04+00:00,20725.0,149.54,519.4,549.1,0.0,0.0,,7.0,0.19264074884414673,1.0,REGULAR,USD,2024-11-21
NDXP241121C20750000,2024-10-31 17:39:04+00:00,20750.0,142.75,511.0,519.1,0.0,0.0,,7.0,0.1837030025291443,1.0,REGULAR,USD,2024-11-21
NDXP241121C20800000,2024-11-07 14:43:39+00:00,20800.0,407.6,473.5,480.1,0.0,0.0,2.0,1.0,0.1799798952293396,1.0,REGULAR,USD,2024-11-21
NDXP241121C20900000,2024-11-07 15:39:18+00:00,20900.0,354.35,400.7,407.6,0.0,0.0,5.0,10.0,0.17420736231803896,1.0,REGULAR,USD,2024-11-21
NDXP241121C21200000,2024-11-07 19:36:52+00:00,21200.0,237.0,222.5,226.9,0.0,0.0,2.0,2.0,0.16104774202346803,0.0,REGULAR,USD,2024-11-21
NDXP241121C21400000,2024-11-05 17:14:38+00:00,21400.0,33.9,136.0,138.5,0.0,0.0,1.0,1.0,0.15374648447036743,0.0,REGULAR,USD,2024-11-21
NDXP241121C21500000,2024-10-31 17:45:46+00:00,21500.0,27.05,102.7,105.5,0.0,0.0,1.0,1.0,0.15135469320297246,0.0,REGULAR,USD,2024-11-21
NDXP241121C21600000,2024-11-07 16:49:28+00:00,21600.0,89.4,76.5,78.9,0.0,0.0,2.0,3.0,0.14946071495056154,0.0,REGULAR,USD,2024-11-21
NDXP241121C22725000,2024-10-25 13:30:45+00:00,22725.0,7.0,2.45,3.2,0.0,0.0,1.0,1.0,0.16777870803833012,0.0,REGULAR,USD,2024-11-21
NDXP241121C22850000,2024-10-25 13:30:46+00:00,22850.0,6.4,1.85,2.6,0.0,0.0,1.0,1.0,0.17374483489990233,0.0,REGULAR,USD,2024-11-21
NDXP241121C23075000,2024-10-25 13:30:44+00:00,23075.0,7.9,1.25,1.95,0.0,0.0,1.0,1.0,0.18573812316894528,0.0,REGULAR,USD,2024-11-21
NDXP241121C23275000,2024-10-25 13:30:46+00:00,23275.0,2.85,0.9,1.6,0.0,0.0,1.0,1.0,0.19696847961425779,0.0,REGULAR,USD,2024-11-21
NDXP241122C17000000,2024-11-04 17:55:16+00:00,17000.0,3072.97,4129.8,4169.6,0.0,0.0,1.0,1.0,0.5940363472747803,1.0,REGULAR,USD,2024-11-22
NDXP241122C17025000,2024-11-04 17:55:16+00:00,17025.0,3047.42,4105.0,4144.7,0.0,0.0,1.0,1.0,0.5911524649810793,1.0,REGULAR,USD,2024-11-22
NDXP241122C17275000,2024-10-17 13:37:00+00:00,17275.0,3111.0,3855.6,3892.6,0.0,0.0,,1.0,0.5551039363098147,1.0,REGULAR,USD,2024-11-22
NDXP241122C18400000,2024-10-11 19:51:03+00:00,18400.0,2125.9,2735.8,2774.3,0.0,0.0,,1.0,0.46063390323638925,1.0,REGULAR,USD,2024-11-22
NDXP241122C18500000,2024-10-08 15:50:30+00:00,18500.0,1845.87,2647.2,2689.5,0.0,0.0,,2.0,0.47248604911804193,1.0,REGULAR,USD,2024-11-22
NDXP241122C18525000,2024-10-11 19:51:03+00:00,18525.0,2013.28,2612.9,2650.1,0.0,0.0,,1.0,0.44424040567398065,1.0,REGULAR,USD,2024-11-22
NDXP241122C18575000,2024-10-08 15:50:30+00:00,18575.0,1780.6,2568.5,2617.4,0.0,0.0,,2.0,0.4659629820251466,1.0,REGULAR,USD,2024-11-22
NDXP241122C18800000,2024-10-31 19:17:41+00:00,18800.0,1368.37,2339.1,2377.3,0.0,0.0,1.0,2.0,0.4085905088806152,1.0,REGULAR,USD,2024-11-22
NDXP241122C19700000,2024-10-09 19:52:03+00:00,19700.0,1047.7,1455.8,1492.9,0.0,0.0,,3.0,0.2969888417053222,1.0,REGULAR,USD,2024-11-22
NDXP241122C19800000,2024-11-08 14:48:56+00:00,19800.0,1342.1,1358.4,1397.2,755.8,128.91011,1.0,6.0,0.28639362600326534,1.0,REGULAR,USD,2024-11-22
NDXP241122C19850000,2024-10-15 19:35:15+00:00,19850.0,765.0,1311.8,1346.5,0.0,0.0,,1.0,0.27777058906555174,1.0,REGULAR,USD,2024-11-22
NDXP241122C19900000,2024-11-04 17:55:16+00:00,19900.0,547.15,1264.2,1301.4,0.0,0.0,1.0,1.0,0.2751670842170715,1.0,REGULAR,USD,2024-11-22
NDXP241122C19925000,2024-11-04 17:55:16+00:00,19925.0,531.6,1239.3,1277.6,0.0,0.0,1.0,1.0,0.2724376956176757,1.0,REGULAR,USD,2024-11-22
NDXP241122C20000000,2024-11-04 19:02:57+00:00,20000.0,493.4,1169.7,1205.7,0.0,0.0,6.0,3.0,0.26352665191650393,1.0,REGULAR,USD,2024-11-22
NDXP241122C20025000,2024-11-01 18:50:32+00:00,20025.0,500.65,1146.3,1180.3,0.0,0.0,1.0,1.0,0.2590577787590027,1.0,REGULAR,USD,2024-11-22
NDXP241122C20075000,2024-10-28 14:31:35+00:00,20075.0,758.65,1099.6,1136.0,0.0,0.0,1.0,2.0,0.25645427391052245,1.0,REGULAR,USD,2024-11-22
NDXP241122C20100000,2024-11-06 17:18:59+00:00,20100.0,742.63,1076.4,1110.0,0.0,0.0,3.0,3.0,0.2513483526802063,1.0,REGULAR,USD,2024-11-22
NDXP241122C20125000,2024-11-01 18:50:32+00:00,20125.0,442.45,1053.4,1088.6,0.0,0.0,1.0,1.0,0.2506006794929504,1.0,REGULAR,USD,2024-11-22
NDXP241122C20150000,2024-10-31 15:31:06+00:00,20150.0,417.95,1029.2,1066.2,0.0,0.0,3.0,3.0,0.24881541902542118,1.0,REGULAR,USD,2024-11-22
NDXP241122C20200000,2024-11-01 18:50:40+00:00,20200.0,401.23,984.5,1021.1,0.0,0.0,2.0,8.0,0.24475280706405642,1.0,REGULAR,USD,2024-11-22
NDXP241122C20250000,2024-11-08 20:51:18+00:00,20250.0,945.43,939.3,975.4,445.07,88.94996,6.0,22.0,0.23988720935821528,1.0,REGULAR,USD,2024-11-22
NDXP241122C20300000,2024-11-08 20:51:18+00:00,20300.0,900.55,894.4,930.1,313.86,53.49673,6.0,24.0,0.23511220980644226,1.0,REGULAR,USD,2024-11-22
NDXP241122C20325000,2024-11-04 18:04:44+00:00,20325.0,303.75,871.1,906.6,0.0,0.0,2.0,5.0,0.23191934012413024,1.0,REGULAR,USD,2024-11-22
NDXP241122C20375000,2024-10-22 14:01:29+00:00,20375.0,489.59,828.0,863.0,0.0,0.0,,1.0,0.22813519827842715,1.0,REGULAR,USD,2024-11-22
NDXP241122C20400000,2024-11-08 17:01:01+00:00,20400.0,818.99,806.2,840.9,27.200012,3.435256,1.0,21.0,0.22587405908584596,1.0,REGULAR,USD,2024-11-22
NDXP241122C20425000,2024-10-31 14:07:15+00:00,20425.0,312.48,783.4,818.0,0.0,0.0,10.0,13.0,0.22290911528587337,1.0,REGULAR,USD,2024-11-22
NDXP241122C20450000,2024-10-25 13:46:59+00:00,20450.0,511.83,761.9,796.2,0.0,0.0,2.0,2.0,0.22072999126434323,1.0,REGULAR,USD,2024-11-22
NDXP241122C20475000,2024-11-04 14:39:10+00:00,20475.0,218.17,741.6,775.5,0.0,0.0,2.0,3.0,0.21929758676528932,1.0,REGULAR,USD,2024-11-22
NDXP241122C20500000,2024-11-08 17:01:01+00:00,20500.0,733.1,720.5,753.1,-16.900024,-2.2533367,2.0,42.0,0.21648618299484249,1.0,REGULAR,USD,2024-11-22
NDXP241122C20525000,2024-10-25 15:37:09+00:00,20525.0,494.12,699.5,732.8,0.0,0.0,6.0,2.0,0.21514533031463623,1.0,REGULAR,USD,2024-11-22
NDXP241122C20550000,2024-11-06 14:56:52+00:00,20550.0,360.0,678.7,710.6,0.0,0.0,3.0,5.0,0.21230913125991818,1.0,REGULAR,USD,2024-11-22
NDXP241122C20575000,2024-11-04 19:49:41+00:00,20575.0,200.1,658.0,690.7,0.0,0.0,3.0,6.0,0.21103884977340695,1.0,REGULAR,USD,2024-11-22
NDXP241122C20600000,2024-11-07 18:48:50+00:00,20600.0,616.89,637.6,669.9,0.0,0.0,9.0,51.0,0.20901040478706356,1.0,REGULAR,USD,2024-11-22
NDXP241122C20625000,2024-10-04 15:56:39+00:00,20625.0,329.3,170.8,174.0,0.0,0.0,1.0,1.0,1.0000000000000003e-05,1.0,REGULAR,USD,2024-11-22
NDXP241122C20650000,2024-11-07 17:16:57+00:00,20650.0,589.6,606.0,616.5,0.0,0.0,3.0,26.0,0.19650213753700252,1.0,REGULAR,USD,2024-11-22
NDXP241122C20675000,2024-11-06 16:26:56+00:00,20675.0,330.1,577.7,608.9,0.0,0.0,4.0,3.0,0.20323214988708496,1.0,REGULAR,USD,2024-11-22
NDXP241122C20700000,2024-11-08 20:48:16+00:00,20700.0,564.96,567.4,576.7,-16.909973,-2.9061427,3.0,34.0,0.19312330322265625,1.0,REGULAR,USD,2024-11-22
NDXP241122C20750000,2024-11-07 17:21:21+00:00,20750.0,518.95,528.7,537.0,0.0,0.0,1.0,41.0,0.18929338546752933,1.0,REGULAR,USD,2024-11-22
NDXP241122C20800000,2024-11-08 18:48:26+00:00,20800.0,513.47,491.0,498.8,20.549957,4.1690245,1.0,8.0,0.18590310717582703,1.0,REGULAR,USD,2024-11-22
NDXP241122C20825000,2024-11-04 18:53:27+00:00,20825.0,128.55,464.7,493.3,0.0,0.0,3.0,3.0,0.19256731665611265,1.0,REGULAR,USD,2024-11-22
NDXP241122C20850000,2024-11-04 18:53:27+00:00,20850.0,121.65,455.4,462.6,0.0,0.0,2.0,9.0,0.18319183820724486,1.0,REGULAR,USD,2024-11-22
NDXP241122C20875000,2024-11-04 15:21:09+00:00,20875.0,122.1,429.3,456.0,0.0,0.0,3.0,5.0,0.18870211330413816,1.0,REGULAR,USD,2024-11-22
NDXP241122C20900000,2024-11-08 17:29:16+00:00,20900.0,404.7,422.0,427.9,-31.839996,-7.2937174,1.0,49.0,0.18076952966690063,1.0,REGULAR,USD,2024-11-22
NDXP241122C20925000,2024-11-07 20:51:52+00:00,20925.0,419.89,395.2,421.0,0.0,0.0,2.0,2.0,0.18564847867965698,1.0,REGULAR,USD,2024-11-22
NDXP241122C20950000,2024-11-07 15:47:16+00:00,20950.0,363.65,388.5,394.0,0.0,0.0,1.0,8.0,0.17816411748886107,1.0,REGULAR,USD,2024-11-22
NDXP241122C20975000,2024-11-04 18:24:39+00:00,20975.0,91.1,363.1,387.2,0.0,0.0,2.0,5.0,0.1826711372375488,1.0,REGULAR,USD,2024-11-22
NDXP241122C21000000,2024-11-08 20:05:58+00:00,21000.0,354.6,355.4,361.4,-18.850006,-5.047531,6.0,31.0,0.17564167414665224,1.0,REGULAR,USD,2024-11-22
NDXP241122C21025000,2024-11-07 16:47:01+00:00,21025.0,333.73,340.1,344.6,0.0,0.0,1.0,2.0,0.1738154060935974,1.0,REGULAR,USD,2024-11-22
NDXP241122C21075000,2024-11-08 16:34:02+00:00,21075.0,300.35,309.6,314.8,-20.399994,-6.3600917,2.0,3.0,0.1718499029827118,1.0,REGULAR,USD,2024-11-22
NDXP241122C21100000,2024-11-08 20:48:16+00:00,21100.0,293.47,295.4,299.6,-20.290009,-6.4667287,10.0,77.0,0.1704012861824036,1.0,REGULAR,USD,2024-11-22
NDXP241122C21125000,2024-11-07 19:49:15+00:00,21125.0,277.4,282.1,286.0,-22.700012,-7.5641494,1.0,2.0,0.16969462058067325,0.0,REGULAR,USD,2024-11-22
NDXP241122C21150000,2024-11-07 20:58:42+00:00,21150.0,280.85,267.1,271.3,-4.4499817,-1.5597553,1.0,5.0,0.1681430079841614,0.0,REGULAR,USD,2024-11-22
NDXP241122C21175000,2024-11-07 19:54:56+00:00,21175.0,263.57,255.0,258.4,0.0,0.0,5.0,7.0,0.16744301803588868,0.0,REGULAR,USD,2024-11-22
NDXP241122C21200000,2024-11-07 19:20:44+00:00,21200.0,222.3,241.2,244.8,-25.770004,-10.388199,2.0,6.0,0.16612314598083502,0.0,REGULAR,USD,2024-11-22
NDXP241122C21225000,2024-10-31 14:43:08+00:00,21225.0,64.15,228.4,232.3,0.0,0.0,1.0,3.0,0.16524005239486694,0.0,REGULAR,USD,2024-11-22
NDXP241122C21250000,2024-11-07 19:20:44+00:00,21250.0,221.09,216.0,219.8,-3.0299988,-1.3519537,1.0,10.0,0.16414333789825442,0.0,REGULAR,USD,2024-11-22
NDXP241122C21275000,2024-11-08 20:43:18+00:00,21275.0,200.73,204.2,208.0,-30.070007,-13.028599,41.0,2.0,0.1632440320110321,0.0,REGULAR,USD,2024-11-22
NDXP241122C21300000,2024-11-07 20:11:23+00:00,21300.0,219.05,193.3,196.8,0.0,0.0,3.0,8.0,0.16248586851119995,0.0,REGULAR,USD,2024-11-22
NDXP241122C21325000,2024-11-08 18:32:42+00:00,21325.0,187.1,182.2,185.8,105.36001,128.89651,2.0,4.0,0.16162852387428284,0.0,REGULAR,USD,2024-11-22
NDXP241122C21350000,2024-11-08 18:54:38+00:00,21350.0,178.55,171.0,175.8,-6.050003,-3.277358,1.0,2.0,0.16116027446746822,0.0,REGULAR,USD,2024-11-22
NDXP241122C21375000,2024-11-07 15:46:05+00:00,21375.0,156.7,161.7,165.0,0.0,0.0,5.0,3.0,0.1599710544872284,0.0,REGULAR,USD,2024-11-22
NDXP241122C21400000,2024-11-07 19:06:14+00:00,21400.0,139.1,152.4,155.4,-19.149994,-12.101102,1.0,3.0,0.1592987208175659,0.0,REGULAR,USD,2024-11-22
NDXP241122C21425000,2024-11-07 20:31:05+00:00,21425.0,165.4,142.8,145.9,0.0,0.0,4.0,5.0,0.1584594958114624,0.0,REGULAR,USD,2024-11-22
NDXP241122C21450000,2024-11-07 15:47:24+00:00,21450.0,136.3,133.4,136.6,3.600006,2.7128909,1.0,8.0,0.15750964569091797,0.0,REGULAR,USD,2024-11-22
NDXP241122C21475000,2024-11-07 15:14:06+00:00,21475.0,122.9,125.5,128.1,0.0,0.0,1.0,4.0,0.1568458950042725,0.0,REGULAR,USD,2024-11-22
NDXP241122C21500000,2024-11-08 20:59:08+00:00,21500.0,119.9,117.7,120.4,94.5,372.0472,5.0,4.0,0.15648731704711916,0.0,REGULAR,USD,2024-11-22
NDXP241122C21525000,2024-11-08 17:20:45+00:00,21525.0,103.5,109.6,112.4,45.9,79.6875,3.0,7.0,0.15568814596176145,0.0,REGULAR,USD,2024-11-22
NDXP241122C21575000,2024-11-08 20:53:14+00:00,21575.0,94.91,95.4,98.0,-15.089996,-13.718179,1.0,4.0,0.15448843566894532,0.0,REGULAR,USD,2024-11-22
NDXP241122C21600000,2024-11-08 20:53:34+00:00,21600.0,88.9,89.1,91.9,-12.549995,-12.370622,9.0,4.0,0.15433966396331789,0.0,REGULAR,USD,2024-11-22
NDXP241122C21650000,2024-11-08 18:34:22+00:00,21650.0,83.65,77.0,79.8,-2.5,-2.9019153,11.0,7.0,0.15343368242263797,0.0,REGULAR,USD,2024-11-22
NDXP241122C21700000,2024-11-08 20:39:19+00:00,21700.0,67.52,66.5,68.7,-7.6800003,-10.212767,3.0,5.0,0.15235985588073733,0.0,REGULAR,USD,2024-11-22
NDXP241122C21750000,2024-11-07 14:47:50+00:00,21750.0,48.05,57.2,59.3,0.0,0.0,69.0,70.0,0.15177430570602415,0.0,REGULAR,USD,2024-11-22
NDXP241122C21850000,2024-10-21 19:13:41+00:00,21850.0,39.95,41.8,43.8,-0.049999237,-0.12499809,1.0,1.0,0.1509408026885987,0.0,REGULAR,USD,2024-11-22
NDXP241122C21925000,2024-11-08 15:47:45+00:00,21925.0,30.33,33.0,34.4,9.530001,45.817314,1.0,3.0,0.15026179336547857,0.0,REGULAR,USD,2024-11-22
NDXP241122C21950000,2024-11-08 20:59:35+00:00,21950.0,32.1,30.5,32.1,15.199999,89.94083,3.0,9.0,0.15060511268615726,0.0,REGULAR,USD,2024-11-22
NDXP241122C21975000,2024-10-23 16:10:56+00:00,21975.0,22.63,28.0,29.7,0.0,0.0,4.0,4.0,0.15062800064086918,0.0,REGULAR,USD,2024-11-22
NDXP241122C22000000,2024-11-07 18:18:06+00:00,22000.0,31.1,26.0,27.4,0.0,0.0,11.0,12.0,0.15057459541320803,0.0,REGULAR,USD,2024-11-22
NDXP241122C22025000,2024-11-07 14:35:05+00:00,22025.0,20.2,23.9,25.3,0.0,0.0,1.0,3.0,0.1505936687088013,0.0,REGULAR,USD,2024-11-22
NDXP241122C22100000,2024-10-31 18:48:25+00:00,22100.0,21.44,18.8,20.1,12.59,142.25989,1.0,0.0,0.1511582382583619,0.0,REGULAR,USD,2024-11-22
NDXP241122C22175000,2024-10-28 13:49:10+00:00,22175.0,19.2,14.7,15.9,0.0,0.0,,2.0,0.15177621303558347,0.0,REGULAR,USD,2024-11-22
NDXP241122C22200000,2024-10-31 18:48:25+00:00,22200.0,7.45,13.6,14.7,0.0,0.0,1.0,3.0,0.15201272190093995,0.0,REGULAR,USD,2024-11-22
NDXP241122C22225000,2024-10-25 17:13:31+00:00,22225.0,21.5,12.6,13.7,0.0,0.0,4.0,4.0,0.15250862758636474,0.0,REGULAR,USD,2024-11-22
NDXP241122C22300000,2024-11-08 20:42:55+00:00,22300.0,10.2,10.0,10.9,-4.5,-30.612246,2.0,1.0,0.15353477088928222,0.0,REGULAR,USD,2024-11-22
NDXP241122C22475000,2024-11-08 18:24:19+00:00,22475.0,6.8,6.0,6.8,-5.3999996,-44.26229,1.0,4.0,0.15781481842041017,0.0,REGULAR,USD,2024-11-22
NDXP241122C22500000,2024-11-08 20:42:55+00:00,22500.0,5.95,5.6,6.4,1.1499996,23.958324,14.0,1.0,0.15860063819885253,0.0,REGULAR,USD,2024-11-22
NDXP241122C22550000,2024-10-24 19:29:09+00:00,22550.0,5.5,4.9,5.7,-1.1999998,-17.910446,2.0,2.0,0.16027908821105957,0.0,REGULAR,USD,2024-11-22
NDXP241122C22600000,2024-11-08 21:10:26+00:00,22600.0,4.69,4.1,5.1,0.69000006,17.250002,13.0,1.0,0.16204146072387693,0.0,REGULAR,USD,2024-11-22
NDXP241122C22700000,2024-11-08 21:10:26+00:00,22700.0,3.81,3.3,4.2,-1.4900002,-28.113213,10.0,1.0,0.16615366325378422,0.0,REGULAR,USD,2024-11-22
NDXP241122C22750000,2024-11-08 16:01:02+00:00,22750.0,3.3,3.0,3.8,-2.2,-40.0,1.0,2.0,0.16807625144958502,0.0,REGULAR,USD,2024-11-22
NDXP241122C22850000,2024-10-18 15:29:00+00:00,22850.0,8.0,2.4,3.1,0.0,0.0,1.0,1.0,0.17174595352172856,0.0,REGULAR,USD,2024-11-22
NDXP241122C22900000,2024-10-25 13:59:43+00:00,22900.0,5.6,2.2,2.7,0.0,0.0,2.0,2.0,0.17272250625610353,0.0,REGULAR,USD,2024-11-22
NDXP241122C23000000,2024-11-07 20:34:59+00:00,23000.0,3.3,1.8,2.55,0.0,0.0,4.0,3.0,0.17945156494140624,0.0,REGULAR,USD,2024-11-22
NDXP241122C23100000,2024-10-29 13:47:34+00:00,23100.0,3.1,1.55,2.3,0.0,0.0,,1.0,0.18497519134521478,0.0,REGULAR,USD,2024-11-22
NDXP241122C23150000,2024-10-30 14:11:59+00:00,23150.0,3.93,1.45,2.1,0.0,0.0,,2.0,0.18680622772216798,0.0,REGULAR,USD,2024-11-22
NDXP241125C20400000,2024-10-24 14:12:26+00:00,20400.0,425.01,821.0,847.2,0.0,0.0,,16.0,0.21071269641876222,1.0,REGULAR,USD,2024-11-25
NDXP241125C20800000,2024-11-07 15:14:26+00:00,20800.0,466.02,504.1,514.5,0.0,0.0,1.0,3.0,0.1788297755050659,1.0,REGULAR,USD,2024-11-25
NDXP241125C20900000,2024-11-06 14:50:51+00:00,20900.0,199.68,435.4,441.7,0.0,0.0,3.0,39.0,0.1727177379322052,1.0,REGULAR,USD,2024-11-25
NDXP241125C20975000,2024-11-06 20:46:28+00:00,20975.0,254.13,380.9,399.4,0.0,0.0,3.0,3.0,0.17339960824966433,1.0,REGULAR,USD,2024-11-25
NDXP241125C21000000,2024-10-25 14:38:55+00:00,21000.0,273.5,369.0,375.3,0.0,0.0,35.0,32.0,0.16787216718673706,1.0,REGULAR,USD,2024-11-25
NDXP241125C21200000,2024-11-06 16:13:16+00:00,21200.0,113.18,255.4,266.6,0.0,0.0,6.0,3.0,0.16334988880157475,0.0,REGULAR,USD,2024-11-25
NDXP241125C21300000,2024-11-07 21:14:42+00:00,21300.0,234.18,206.0,211.0,0.0,0.0,1.0,4.0,0.15613350741386414,0.0,REGULAR,USD,2024-11-25
NDXP241125C21500000,2024-10-29 18:25:24+00:00,21500.0,107.9,128.4,132.6,0.0,0.0,,6.0,0.1503762331390381,0.0,REGULAR,USD,2024-11-25
NDXP241125C21600000,2024-10-25 13:46:52+00:00,21600.0,80.7,99.1,102.9,0.0,0.0,1.0,1.0,0.14833920516967775,0.0,REGULAR,USD,2024-11-25
NDXP241125C21700000,2024-10-25 14:01:32+00:00,21700.0,75.0,75.6,79.2,0.0,0.0,1.0,1.0,0.14707655300140382,0.0,REGULAR,USD,2024-11-25
NDXP241125C21800000,2024-11-07 14:58:11+00:00,21800.0,55.0,57.0,59.9,0.0,0.0,1.0,2.0,0.1458825646972656,0.0,REGULAR,USD,2024-11-25
NDXP241125C22000000,2024-11-07 14:54:03+00:00,22000.0,28.5,31.2,34.0,0.0,0.0,8.0,9.0,0.14553733804702756,0.0,REGULAR,USD,2024-11-25
NDXP241125C22100000,2024-11-01 18:21:13+00:00,22100.0,8.05,22.9,25.1,0.0,0.0,1.0,1.0,0.14541717628479003,0.0,REGULAR,USD,2024-11-25
NDXP241125C22575000,2024-11-01 13:30:50+00:00,22575.0,4.5,5.7,7.3,0.0,0.0,1.0,1.0,0.15432821998596194,0.0,REGULAR,USD,2024-11-25
NDXP241125C22675000,2024-11-01 13:30:50+00:00,22675.0,4.3,4.4,6.0,0.0,0.0,1.0,1.0,0.15784533569335937,0.0,REGULAR,USD,2024-11-25
NDXP241125C22850000,2024-11-01 13:30:50+00:00,22850.0,4.3,1.0,5.8,0.0,0.0,1.0,1.0,0.1712119012451172,0.0,REGULAR,USD,2024-11-25
NDXP241125C22900000,2024-11-07 19:17:10+00:00,22900.0,4.7,2.55,4.1,0.0,0.0,2.0,3.0,0.16669534484863285,0.0,REGULAR,USD,2024-11-25
NDXP241125C23050000,2024-11-07 19:07:17+00:00,23050.0,4.7,0.0,4.7,0.0,0.0,1.0,2.0,0.18153436882019042,0.0,REGULAR,USD,2024-11-25
NDXP241126C20400000,2024-10-22 18:54:23+00:00,20400.0,525.65,832.4,855.9,0.0,0.0,,10.0,0.21109416233062744,1.0,REGULAR,USD,2024-11-26
NDXP241126C20500000,2024-11-01 14:29:16+00:00,20500.0,313.9,746.8,770.0,0.0,0.0,36.0,37.0,0.20342002184867858,1.0,REGULAR,USD,2024-11-26
NDXP241126C20600000,2024-10-22 18:55:40+00:00,20600.0,413.34,669.0,680.3,0.0,0.0,,10.0,0.1921667774486542,1.0,REGULAR,USD,2024-11-26
NDXP241126C20700000,2024-11-07 14:33:09+00:00,20700.0,491.8,591.7,603.1,0.0,0.0,1.0,4.0,0.18721534991264344,1.0,REGULAR,USD,2024-11-26
NDXP241126C20800000,2024-11-07 14:33:09+00:00,20800.0,425.45,517.2,526.0,0.0,0.0,1.0,2.0,0.18052539148330687,1.0,REGULAR,USD,2024-11-26
NDXP241126C21000000,2024-10-22 18:24:41+00:00,21000.0,245.05,380.6,389.0,0.0,0.0,,10.0,0.17061872175216677,1.0,REGULAR,USD,2024-11-26
NDXP241126C21500000,2024-10-21 14:32:08+00:00,21500.0,99.8,138.0,145.0,0.0,0.0,,1.0,0.15370261589050294,0.0,REGULAR,USD,2024-11-26
NDXP241126C21600000,2024-10-21 14:32:08+00:00,21600.0,83.55,108.4,113.1,0.0,0.0,,1.0,0.15095415399551398,0.0,REGULAR,USD,2024-11-26
NDXP241126C22600000,2024-11-01 13:30:50+00:00,22600.0,5.2,6.3,8.6,0.0,0.0,2.0,2.0,0.15646442909240724,0.0,REGULAR,USD,2024-11-26
NDXP241126C22625000,2024-11-01 13:30:50+00:00,22625.0,5.1,5.9,8.1,0.0,0.0,1.0,1.0,0.15699085205078128,0.0,REGULAR,USD,2024-11-26
NDXP241126C22650000,2024-11-01 13:30:50+00:00,22650.0,5.1,5.5,7.7,0.0,0.0,1.0,1.0,0.15775759853363036,0.0,REGULAR,USD,2024-11-26
NDXP241126C22750000,2024-11-01 13:30:50+00:00,22750.0,5.0,4.3,6.4,0.0,0.0,1.0,1.0,0.16120223571777342,0.0,REGULAR,USD,2024-11-26
NDXP241126C22800000,2024-11-01 13:30:50+00:00,22800.0,5.0,3.7,5.9,0.0,0.0,1.0,1.0,0.16314771186828617,0.0,REGULAR,USD,2024-11-26
NDXP241126C23125000,2024-11-01 13:30:51+00:00,23125.0,2.9,1.7,3.8,0.0,0.0,1.0,1.0,0.17707121765136719,0.0,REGULAR,USD,2024-11-26
NDXP241126C23175000,2024-11-01 13:30:51+00:00,23175.0,2.8,1.55,3.6,0.0,0.0,1.0,1.0,0.1793981597137451,0.0,REGULAR,USD,2024-11-26
NDXP241126C23200000,2024-11-01 13:30:51+00:00,23200.0,2.9,0.05,4.0,0.0,0.0,1.0,1.0,0.18373924179077145,0.0,REGULAR,USD,2024-11-26
NDXP241127C20300000,2024-10-22 16:39:48+00:00,20300.0,553.61,929.4,954.0,0.0,0.0,,1.0,0.22056500725746153,1.0,REGULAR,USD,2024-11-27
NDXP241127C20400000,2024-10-24 14:12:26+00:00,20400.0,443.8,842.9,866.6,0.0,0.0,,17.0,0.21282792490005492,1.0,REGULAR,USD,2024-11-27
NDXP241127C20600000,2024-11-07 14:40:22+00:00,20600.0,594.94,681.8,695.9,0.0,0.0,2.0,52.0,0.19662897495269777,1.0,REGULAR,USD,2024-11-27
NDXP241127C20700000,2024-11-07 14:40:22+00:00,20700.0,523.4,602.1,615.2,0.0,0.0,3.0,3.0,0.18935918833732604,1.0,REGULAR,USD,2024-11-27
NDXP241127C20800000,2024-11-07 14:35:37+00:00,20800.0,427.3,529.0,540.3,0.0,0.0,1.0,1.0,0.18374877843856807,1.0,REGULAR,USD,2024-11-27
NDXP241127C20900000,2024-10-30 13:56:13+00:00,20900.0,306.85,460.6,470.8,0.0,0.0,,36.0,0.17918835346221923,1.0,REGULAR,USD,2024-11-27
NDXP241127C21800000,2024-10-22 18:59:40+00:00,21800.0,56.6,71.3,76.2,0.0,0.0,,3.0,0.1510485668087006,0.0,REGULAR,USD,2024-11-27
NDXP241127C22750000,2024-11-01 13:30:50+00:00,22750.0,4.8,5.0,7.9,0.0,0.0,1.0,1.0,0.16243818527221682,0.0,REGULAR,USD,2024-11-27
NDXP241127C22775000,2024-11-01 13:30:50+00:00,22775.0,4.7,4.7,7.6,0.0,0.0,1.0,1.0,0.16340710868835454,0.0,REGULAR,USD,2024-11-27
NDXP241127C22900000,2024-11-01 13:30:50+00:00,22900.0,4.7,3.4,6.2,0.0,0.0,1.0,1.0,0.16788551849365235,0.0,REGULAR,USD,2024-11-27
NDXP241127C22925000,2024-11-01 13:30:50+00:00,22925.0,4.7,3.2,6.0,0.0,0.0,1.0,1.0,0.16896125236511234,0.0,REGULAR,USD,2024-11-27
NDXP241129C17400000,2024-10-25 18:26:22+00:00,17400.0,3085.75,3748.8,3789.4,0.0,0.0,1.0,1.0,0.525296189956665,1.0,REGULAR,USD,2024-11-29
NDXP241129C17500000,2024-10-25 18:26:22+00:00,17500.0,2989.6,3649.4,3690.0,0.0,0.0,2.0,2.0,0.5138636565780639,1.0,REGULAR,USD,2024-11-29
NDXP241129C17550000,2024-10-25 18:26:22+00:00,17550.0,2941.75,3599.7,3640.3,0.0,0.0,1.0,1.0,0.5081416679000855,1.0,REGULAR,USD,2024-11-29
NDXP241129C19400000,2024-10-24 15:58:02+00:00,19400.0,1123.95,1776.3,1815.2,0.0,0.0,,6.0,0.30548599489212036,1.0,REGULAR,USD,2024-11-29
NDXP241129C19450000,2024-10-24 15:58:02+00:00,19450.0,1085.65,1727.9,1766.7,0.0,0.0,,6.0,0.300332390422821,1.0,REGULAR,USD,2024-11-29
NDXP241129C19875000,2024-10-04 18:25:39+00:00,19875.0,771.15,583.6,591.0,0.0,0.0,1.0,1.0,1.0000000000000003e-05,1.0,REGULAR,USD,2024-11-29
NDXP241129C19900000,2024-11-04 16:03:54+00:00,19900.0,634.25,1300.6,1337.4,0.0,0.0,2.0,2.0,0.2567785199356079,1.0,REGULAR,USD,2024-11-29
NDXP241129C19925000,2024-10-31 15:23:56+00:00,19925.0,600.9,1276.2,1314.1,0.0,0.0,,1.0,0.25456220298767096,1.0,REGULAR,USD,2024-11-29
NDXP241129C19950000,2024-10-31 15:23:56+00:00,19950.0,585.45,1252.9,1290.7,0.0,0.0,1.0,3.0,0.2522352609252929,1.0,REGULAR,USD,2024-11-29
NDXP241129C20000000,2024-11-04 16:31:02+00:00,20000.0,551.3,1207.9,1244.3,0.0,0.0,8.0,8.0,0.247785461063385,1.0,REGULAR,USD,2024-11-29
NDXP241129C20025000,2024-11-01 14:08:23+00:00,20025.0,554.23,1184.7,1221.2,0.0,0.0,3.0,5.0,0.24558058809280395,1.0,REGULAR,USD,2024-11-29
NDXP241129C20050000,2024-11-01 14:34:06+00:00,20050.0,585.0,1162.1,1198.1,0.0,0.0,2.0,3.0,0.24333947586059568,1.0,REGULAR,USD,2024-11-29
NDXP241129C20100000,2024-11-07 14:35:38+00:00,20100.0,974.17,1115.4,1152.3,0.0,0.0,1.0,1.0,0.23902700372695923,1.0,REGULAR,USD,2024-11-29
NDXP241129C20125000,2024-11-07 14:35:38+00:00,20125.0,952.82,1092.9,1129.5,0.0,0.0,1.0,6.0,0.23687935064315796,1.0,REGULAR,USD,2024-11-29
NDXP241129C20150000,2024-10-25 14:12:35+00:00,20150.0,782.6,1071.5,1106.8,0.0,0.0,1.0,5.0,0.23475840017318725,1.0,REGULAR,USD,2024-11-29
NDXP241129C20175000,2024-10-24 18:40:00+00:00,20175.0,582.81,1049.0,1084.1,0.0,0.0,,5.0,0.2325945347881317,1.0,REGULAR,USD,2024-11-29
NDXP241129C20200000,2024-11-07 14:34:03+00:00,20200.0,903.56,1026.6,1062.7,0.0,0.0,1.0,30.0,0.23126035776138307,1.0,REGULAR,USD,2024-11-29
NDXP241129C20225000,2024-10-21 14:09:26+00:00,20225.0,661.96,1004.2,1039.2,0.0,0.0,,4.0,0.22846516629219055,1.0,REGULAR,USD,2024-11-29
NDXP241129C20250000,2024-10-29 20:13:24+00:00,20250.0,769.7,982.4,1016.9,0.0,0.0,2.0,2.0,0.2264271846580505,1.0,REGULAR,USD,2024-11-29
NDXP241129C20275000,2024-10-23 14:47:29+00:00,20275.0,579.8,960.4,994.7,0.0,0.0,,4.0,0.22440350799560543,1.0,REGULAR,USD,2024-11-29
NDXP241129C20300000,2024-11-07 14:34:03+00:00,20300.0,952.95,938.5,972.6,132.20001,16.10722,1.0,3.0,0.22239032164573663,1.0,REGULAR,USD,2024-11-29
NDXP241129C20350000,2024-10-24 16:31:57+00:00,20350.0,481.0,894.1,928.8,0.0,0.0,,1.0,0.2184545471000671,1.0,REGULAR,USD,2024-11-29
NDXP241129C20400000,2024-11-07 14:42:19+00:00,20400.0,771.81,851.4,885.6,0.0,0.0,1.0,10.0,0.2146551466178894,1.0,REGULAR,USD,2024-11-29
NDXP241129C20425000,2024-10-23 13:53:46+00:00,20425.0,476.95,831.2,865.1,0.0,0.0,15.0,30.0,0.2133266915798187,1.0,REGULAR,USD,2024-11-29
NDXP241129C20450000,2024-11-08 20:33:04+00:00,20450.0,812.58,810.1,842.9,487.38,149.87085,2.0,13.0,0.2109091513633728,1.0,REGULAR,USD,2024-11-29
NDXP241129C20475000,2024-11-08 18:21:54+00:00,20475.0,803.05,789.4,821.8,489.69998,156.27892,1.0,11.0,0.20908479063987728,1.0,REGULAR,USD,2024-11-29
NDXP241129C20500000,2024-11-07 14:42:19+00:00,20500.0,693.55,768.6,800.8,0.0,0.0,1.0,30.0,0.2072499396038055,1.0,REGULAR,USD,2024-11-29
NDXP241129C20550000,2024-11-06 19:41:24+00:00,20550.0,743.9,727.8,759.4,220.58002,42.15012,1.0,6.0,0.20371088960647585,1.0,REGULAR,USD,2024-11-29
NDXP241129C20575000,2024-10-29 19:18:33+00:00,20575.0,539.85,707.7,739.0,0.0,0.0,1.0,1.0,0.2019981076622009,1.0,REGULAR,USD,2024-11-29
NDXP241129C20600000,2024-10-31 16:18:03+00:00,20600.0,245.1,696.8,707.4,0.0,0.0,1.0,4.0,0.19395299158096319,1.0,REGULAR,USD,2024-11-29
NDXP241129C20625000,2024-10-31 16:12:47+00:00,20625.0,232.1,668.3,698.7,0.0,0.0,,1.0,0.1986135513591766,1.0,REGULAR,USD,2024-11-29
NDXP241129C20650000,2024-11-06 19:24:13+00:00,20650.0,456.23,657.4,667.7,0.0,0.0,1.0,6.0,0.19087170067787168,1.0,REGULAR,USD,2024-11-29
NDXP241129C20700000,2024-11-07 16:59:06+00:00,20700.0,621.95,619.8,628.9,0.0,0.0,3.0,10.0,0.18791915452003477,1.0,REGULAR,USD,2024-11-29
NDXP241129C20750000,2024-11-07 16:59:06+00:00,20750.0,585.65,581.8,593.7,0.0,0.0,3.0,5.0,0.18648388902664184,1.0,REGULAR,USD,2024-11-29
NDXP241129C20775000,2024-10-23 16:04:02+00:00,20775.0,257.6,554.7,583.0,0.0,0.0,,2.0,0.18918085302352905,1.0,REGULAR,USD,2024-11-29
NDXP241129C20800000,2024-11-04 14:55:46+00:00,20800.0,164.75,544.4,556.3,0.0,0.0,2.0,3.0,0.18346553999900816,1.0,REGULAR,USD,2024-11-29
NDXP241129C20825000,2024-11-06 14:41:12+00:00,20825.0,307.9,518.8,546.4,0.0,0.0,1.0,12.0,0.18629887805938722,1.0,REGULAR,USD,2024-11-29
NDXP241129C20850000,2024-10-24 17:56:16+00:00,20850.0,245.5,509.0,520.2,0.0,0.0,,5.0,0.18070086580276487,1.0,REGULAR,USD,2024-11-29
NDXP241129C20875000,2024-10-29 18:32:39+00:00,20875.0,361.19,483.9,512.3,0.0,0.0,2.0,5.0,0.18426185009002682,1.0,REGULAR,USD,2024-11-29
NDXP241129C20900000,2024-11-07 19:26:50+00:00,20900.0,477.9,475.5,484.5,7.299988,1.5512086,2.0,9.0,0.17770254373550415,1.0,REGULAR,USD,2024-11-29
NDXP241129C20925000,2024-11-05 20:34:04+00:00,20925.0,159.16,450.2,477.8,0.0,0.0,1.0,6.0,0.18157346907615657,1.0,REGULAR,USD,2024-11-29
NDXP241129C20950000,2024-11-07 20:10:14+00:00,20950.0,463.95,442.2,449.5,0.0,0.0,7.0,6.0,0.1746050405311585,1.0,REGULAR,USD,2024-11-29
NDXP241129C20975000,2024-11-08 20:09:31+00:00,20975.0,428.3,418.6,442.8,61.899994,16.894104,2.0,8.0,0.178187005443573,1.0,REGULAR,USD,2024-11-29
NDXP241129C21000000,2024-11-08 20:58:47+00:00,21000.0,413.0,409.1,416.1,-17.540009,-4.0739555,6.0,15.0,0.17182129303932192,1.0,REGULAR,USD,2024-11-29
NDXP241129C21025000,2024-11-07 15:27:36+00:00,21025.0,352.85,394.3,401.2,0.0,0.0,1.0,6.0,0.17112225675582884,1.0,REGULAR,USD,2024-11-29
NDXP241129C21050000,2024-11-08 20:51:18+00:00,21050.0,376.69,379.2,387.0,11.01001,3.0108318,1.0,13.0,0.17063016572952275,1.0,REGULAR,USD,2024-11-29
NDXP241129C21075000,2024-11-04 15:18:27+00:00,21075.0,97.3,363.0,370.8,0.0,0.0,6.0,7.0,0.16903563821792605,1.0,REGULAR,USD,2024-11-29
NDXP241129C21100000,2024-11-07 14:31:04+00:00,21100.0,352.95,349.0,356.9,79.650024,29.143808,2.0,12.0,0.16842147809982302,1.0,REGULAR,USD,2024-11-29
NDXP241129C21125000,2024-10-31 15:24:46+00:00,21125.0,99.35,334.7,341.1,0.0,0.0,,0.0,0.16675256473541267,0.0,REGULAR,USD,2024-11-29
NDXP241129C21150000,2024-11-07 19:54:05+00:00,21150.0,329.47,320.4,328.1,0.0,0.0,10.0,12.0,0.16630052762985234,0.0,REGULAR,USD,2024-11-29
NDXP241129C21175000,2024-11-07 19:54:05+00:00,21175.0,315.93,307.5,313.1,0.0,0.0,10.0,10.0,0.1647393783855438,0.0,REGULAR,USD,2024-11-29
NDXP241129C21200000,2024-11-07 15:38:05+00:00,21200.0,270.0,294.0,299.6,0.0,0.0,3.0,8.0,0.16376091832160952,0.0,REGULAR,USD,2024-11-29
NDXP241129C21250000,2024-10-31 14:41:13+00:00,21250.0,80.97,268.0,273.8,0.0,0.0,1.0,7.0,0.16194895524024966,0.0,REGULAR,USD,2024-11-29
NDXP241129C21275000,2024-10-31 14:41:13+00:00,21275.0,76.73,256.3,262.5,0.0,0.0,,1.0,0.1616027749252319,0.0,REGULAR,USD,2024-11-29
NDXP241129C21300000,2024-11-07 16:36:42+00:00,21300.0,242.6,244.0,250.4,0.0,0.0,1.0,31.0,0.1607158666801453,0.0,REGULAR,USD,2024-11-29
NDXP241129C21325000,2024-10-31 14:01:19+00:00,21325.0,71.65,232.6,237.7,0.0,0.0,15.0,12.0,0.15937787499427797,0.0,REGULAR,USD,2024-11-29
NDXP241129C21350000,2024-10-31 14:01:19+00:00,21350.0,68.0,220.0,226.4,0.0,0.0,15.0,16.0,0.15857679657936097,0.0,REGULAR,USD,2024-11-29
NDXP241129C21375000,2024-10-30 15:22:33+00:00,21375.0,149.8,211.0,218.5,0.0,0.0,1.0,2.0,0.15933400641441348,0.0,REGULAR,USD,2024-11-29
NDXP241129C21400000,2024-11-08 19:28:59+00:00,21400.0,215.77,199.0,204.9,84.37001,64.208534,1.0,60.0,0.15705665492057802,0.0,REGULAR,USD,2024-11-29
NDXP241129C21450000,2024-11-07 15:33:04+00:00,21450.0,164.38,179.7,185.0,0.0,0.0,1.0,2.0,0.15571866323471067,0.0,REGULAR,USD,2024-11-29
NDXP241129C21475000,2024-11-06 18:02:44+00:00,21475.0,89.9,171.2,176.1,0.0,0.0,1.0,3.0,0.1553591316127777,0.0,REGULAR,USD,2024-11-29
NDXP241129C21500000,2024-11-08 14:52:31+00:00,21500.0,163.9,162.2,167.1,-25.0,-13.234516,2.0,28.0,0.1547897937393189,0.0,REGULAR,USD,2024-11-29
NDXP241129C21550000,2024-10-25 14:06:19+00:00,21550.0,115.7,145.0,149.6,0.0,0.0,8.0,1.0,0.1534298677635193,0.0,REGULAR,USD,2024-11-29
NDXP241129C21575000,2024-10-24 16:21:57+00:00,21575.0,61.0,137.3,141.9,0.0,0.0,,1.0,0.1530846411132813,0.0,REGULAR,USD,2024-11-29
NDXP241129C21600000,2024-11-08 14:52:31+00:00,21600.0,132.0,129.8,134.6,-0.02999878,-0.022721184,1.0,16.0,0.152808078327179,0.0,REGULAR,USD,2024-11-29
NDXP241129C21625000,2024-11-07 15:53:47+00:00,21625.0,125.16,122.9,126.6,0.0,0.0,1.0,2.0,0.1519631313323975,0.0,REGULAR,USD,2024-11-29
NDXP241129C21650000,2024-11-08 19:28:59+00:00,21650.0,126.95,116.0,119.6,46.39,57.58441,1.0,17.0,0.15153207485198977,0.0,REGULAR,USD,2024-11-29
NDXP241129C21675000,2024-10-23 13:36:13+00:00,21675.0,64.35,109.4,113.0,0.0,0.0,,0.0,0.1511782652187348,0.0,REGULAR,USD,2024-11-29
NDXP241129C21700000,2024-10-30 18:33:38+00:00,21700.0,73.5,103.2,106.7,0.0,0.0,1.0,7.0,0.1508473435401917,0.0,REGULAR,USD,2024-11-29
NDXP241129C21750000,2024-11-07 16:04:11+00:00,21750.0,94.85,91.3,94.9,0.0,0.0,3.0,9.0,0.1502036198139191,0.0,REGULAR,USD,2024-11-29
NDXP241129C21850000,2024-11-05 17:36:37+00:00,21850.0,19.2,71.4,74.9,0.0,0.0,6.0,9.0,0.14941875370025637,0.0,REGULAR,USD,2024-11-29
NDXP241129C21875000,2024-11-08 15:00:15+00:00,21875.0,70.15,67.0,70.4,-2.4000015,-3.3080654,1.0,2.0,0.14918415216445924,0.0,REGULAR,USD,2024-11-29
NDXP241129C21900000,2024-11-08 15:00:15+00:00,21900.0,66.05,62.9,65.9,-2.5,-3.646973,1.0,9.0,0.14878552028656006,0.0,REGULAR,USD,2024-11-29
NDXP241129C22000000,2024-11-07 18:17:17+00:00,22000.0,53.2,48.5,51.4,0.0,0.0,1.0,7.0,0.1484212203407288,0.0,REGULAR,USD,2024-11-29
NDXP241129C22050000,2024-11-07 16:10:32+00:00,22050.0,44.85,42.7,45.3,0.0,0.0,1.0,3.0,0.14834492715835573,0.0,REGULAR,USD,2024-11-29
NDXP241129C22100000,2024-11-07 19:50:04+00:00,22100.0,44.4,37.6,39.9,0.0,0.0,3.0,5.0,0.148358278465271,0.0,REGULAR,USD,2024-11-29
NDXP241129C22200000,2024-11-04 17:36:04+00:00,22200.0,7.5,28.8,30.9,0.0,0.0,1.0,1.0,0.14860623130798342,0.0,REGULAR,USD,2024-11-29
NDXP241129C22250000,2024-10-29 18:55:32+00:00,22250.0,29.6,25.3,27.2,0.0,0.0,2.0,1.0,0.14886181346893307,0.0,REGULAR,USD,2024-11-29
NDXP241129C22275000,2024-10-15 14:45:53+00:00,22275.0,32.8,23.6,25.6,0.0,0.0,,2.0,0.1491250249481201,0.0,REGULAR,USD,2024-11-29
NDXP241129C22350000,2024-10-15 14:43:14+00:00,22350.0,28.4,19.4,21.2,0.0,0.0,,1.0,0.1497544437026978,0.0,REGULAR,USD,2024-11-29
NDXP241129C22400000,2024-11-05 17:41:00+00:00,22400.0,6.4,17.1,18.7,0.0,0.0,1.0,1.0,0.15023890541076665,0.0,REGULAR,USD,2024-11-29
NDXP241129C22450000,2024-10-21 17:55:35+00:00,22450.0,17.0,15.0,16.6,0.0,0.0,,2.0,0.1509560613250733,0.0,REGULAR,USD,2024-11-29
NDXP241129C22475000,2024-11-01 14:12:56+00:00,22475.0,6.8,14.1,15.6,0.0,0.0,1.0,1.0,0.15124597541809084,0.0,REGULAR,USD,2024-11-29
NDXP241129C22500000,2024-11-04 17:43:12+00:00,22500.0,4.62,13.2,14.7,0.0,0.0,2.0,1.0,0.15161981201171876,0.0,REGULAR,USD,2024-11-29
NDXP241129C22600000,2024-10-18 18:51:06+00:00,22600.0,14.9,10.4,11.7,0.0,0.0,1.0,0.0,0.15342033111572267,0.0,REGULAR,USD,2024-11-29
NDXP241129C22650000,2024-11-01 15:27:40+00:00,22650.0,5.4,9.2,10.4,0.0,0.0,1.0,1.0,0.15422903884887695,0.0,REGULAR,USD,2024-11-29
NDXP241129C22825000,2024-10-28 14:42:33+00:00,22825.0,7.8,6.2,7.3,0.0,0.0,,1.0,0.15855486228942875,0.0,REGULAR,USD,2024-11-29
NDXP241129C23100000,2024-11-06 14:31:57+00:00,23100.0,2.2,3.6,4.5,0.0,0.0,2.0,2.0,0.16664956893920901,0.0,REGULAR,USD,2024-11-29
NDXP241129C23200000,2024-10-29 19:23:58+00:00,23200.0,6.0,3.0,3.9,0.0,0.0,,2.0,0.17017431396484378,0.0,REGULAR,USD,2024-11-29
NDXP241129C23400000,2024-10-31 16:26:15+00:00,23400.0,2.25,2.25,3.1,0.0,0.0,,2.0,0.17815458084106445,0.0,REGULAR,USD,2024-11-29
NDXP241202C19900000,2024-11-01 15:15:37+00:00,19900.0,696.76,1313.6,1340.3,0.0,0.0,4.0,2.0,0.24297422224998472,1.0,REGULAR,USD,2024-12-02
NDXP241202C20500000,2024-11-07 14:43:01+00:00,20500.0,706.18,785.9,808.1,0.0,0.0,1.0,37.0,0.1983818108177185,1.0,REGULAR,USD,2024-12-02
NDXP241202C21900000,2024-10-25 13:35:27+00:00,21900.0,50.45,69.9,75.0,0.0,0.0,1.0,1.0,0.14608474163055418,0.0,REGULAR,USD,2024-12-02
NDXP241202C22000000,2024-11-06 14:39:42+00:00,22000.0,23.8,54.4,59.4,0.0,0.0,3.0,6.0,0.14572807100296017,0.0,REGULAR,USD,2024-12-02
NDXP241203C20100000,2024-11-07 14:35:29+00:00,20100.0,991.7,1138.4,1163.8,0.0,0.0,1.0,1.0,0.2272482900333404,1.0,REGULAR,USD,2024-12-03
NDXP241203C20200000,2024-11-07 14:35:29+00:00,20200.0,907.83,1049.4,1074.3,0.0,0.0,1.0,1.0,0.21981256574630734,1.0,REGULAR,USD,2024-12-03
NDXP241203C20400000,2024-11-07 14:34:35+00:00,20400.0,758.8,877.3,900.6,0.0,0.0,1.0,1.0,0.205790832490921,1.0,REGULAR,USD,2024-12-03
NDXP241203C20500000,2024-11-07 14:34:35+00:00,20500.0,682.4,794.7,817.1,0.0,0.0,1.0,149.0,0.19929351434707643,1.0,REGULAR,USD,2024-12-03
NDXP241203C21800000,2024-10-28 13:51:02+00:00,21800.0,66.07,96.2,102.8,0.0,0.0,,1.0,0.14915363489151,0.0,REGULAR,USD,2024-12-03
NDXP241203C21900000,2024-10-28 13:51:02+00:00,21900.0,54.13,76.5,82.6,0.0,0.0,,1.0,0.1483868884086609,0.0,REGULAR,USD,2024-12-03
NDXP241204C20400000,2024-11-07 14:38:50+00:00,20400.0,785.02,880.2,919.4,0.0,0.0,1.0,0.0,0.21202589282035827,1.0,REGULAR,USD,2024-12-04
NDXP241204C20500000,2024-11-07 14:38:50+00:00,20500.0,707.97,799.0,836.1,0.0,0.0,1.0,150.0,0.20533021240234373,1.0,REGULAR,USD,2024-12-04
NDXP241204C22000000,2024-11-08 19:35:48+00:00,22000.0,74.87,66.7,72.6,5.0699997,7.2636094,40.0,41.0,0.1499032154083252,0.0,REGULAR,USD,2024-12-04
NDXP241204C22100000,2024-10-30 13:47:01+00:00,22100.0,40.73,52.6,58.4,0.0,0.0,,1.0,0.14975253637313846,0.0,REGULAR,USD,2024-12-04
NDXP241205C21100000,2024-10-30 13:54:59+00:00,21100.0,260.93,395.4,406.2,0.0,0.0,,1.0,0.17042798879623416,1.0,REGULAR,USD,2024-12-05
NDXP241205C21200000,2024-10-30 13:54:59+00:00,21200.0,224.43,339.0,351.0,0.0,0.0,,1.0,0.16723225811958314,0.0,REGULAR,USD,2024-12-05
NDXP241206C19500000,2024-10-24 16:34:17+00:00,19500.0,1114.13,1719.5,1747.3,0.0,0.0,,3.0,0.27927833308219907,1.0,REGULAR,USD,2024-12-06
NDXP241206C19575000,2024-10-24 16:34:17+00:00,19575.0,1059.61,1650.0,1677.2,0.0,0.0,,3.0,0.2736822281551361,1.0,REGULAR,USD,2024-12-06
NDXP241206C20000000,2024-11-01 14:01:10+00:00,20000.0,622.55,1259.4,1284.7,0.0,0.0,2.0,2.0,0.24080940320014954,1.0,REGULAR,USD,2024-12-06
NDXP241206C20100000,2024-11-07 14:39:47+00:00,20100.0,1056.55,1170.6,1195.3,0.0,0.0,1.0,1.0,0.2336216317558288,1.0,REGULAR,USD,2024-12-06
NDXP241206C20200000,2024-11-07 14:44:05+00:00,20200.0,984.8,1082.5,1106.8,0.0,0.0,2.0,9.0,0.2263451694869995,1.0,REGULAR,USD,2024-12-06
NDXP241206C20225000,2024-11-07 14:44:05+00:00,20225.0,964.4,1061.9,1085.8,0.0,0.0,,2.0,0.22503864873886104,1.0,REGULAR,USD,2024-12-06
NDXP241206C20300000,2024-10-25 15:55:48+00:00,20300.0,719.1,998.1,1021.4,0.0,0.0,18.0,9.0,0.2200719625663757,1.0,REGULAR,USD,2024-12-06
NDXP241206C20325000,2024-11-06 20:42:00+00:00,20325.0,756.53,977.1,1000.2,0.0,0.0,1.0,2.0,0.2184621764183044,1.0,REGULAR,USD,2024-12-06
NDXP241206C20400000,2024-10-25 16:12:48+00:00,20400.0,669.8,915.7,938.6,0.0,0.0,6.0,4.0,0.21434806655883787,1.0,REGULAR,USD,2024-12-06
NDXP241206C20425000,2024-10-31 14:35:58+00:00,20425.0,391.35,895.3,917.9,0.0,0.0,1.0,1.0,0.2127821489906311,1.0,REGULAR,USD,2024-12-06
NDXP241206C20450000,2024-10-31 16:15:19+00:00,20450.0,361.25,874.9,897.4,0.0,0.0,3.0,3.0,0.2112601000022888,1.0,REGULAR,USD,2024-12-06
NDXP241206C20475000,2024-10-16 19:59:14+00:00,20475.0,508.17,854.8,875.4,0.0,0.0,,1.0,0.20894555558204647,1.0,REGULAR,USD,2024-12-06
NDXP241206C20500000,2024-11-07 14:34:18+00:00,20500.0,722.6,838.6,848.7,0.0,0.0,2.0,5.0,0.2042973934459686,1.0,REGULAR,USD,2024-12-06
NDXP241206C20525000,2024-10-22 16:55:22+00:00,20525.0,512.5,814.9,836.7,0.0,0.0,,1.0,0.20674258994102473,1.0,REGULAR,USD,2024-12-06
NDXP241206C20550000,2024-10-25 14:05:01+00:00,20550.0,593.03,798.6,808.5,0.0,0.0,1.0,1.0,0.20130956169128417,1.0,REGULAR,USD,2024-12-06
NDXP241206C20575000,2024-10-25 14:05:01+00:00,20575.0,578.28,775.7,797.1,0.0,0.0,1.0,1.0,0.20384726366996764,1.0,REGULAR,USD,2024-12-06
NDXP241206C20600000,2024-11-07 18:48:50+00:00,20600.0,728.3,760.2,769.8,0.0,0.0,4.0,3.0,0.19878330368995667,1.0,REGULAR,USD,2024-12-06
NDXP241206C20625000,2024-10-18 19:16:38+00:00,20625.0,463.02,737.3,758.1,0.0,0.0,1.0,1.0,0.20097959367752075,1.0,REGULAR,USD,2024-12-06
NDXP241206C20650000,2024-11-08 20:25:08+00:00,20650.0,723.6,722.0,730.9,276.55,61.861088,1.0,12.0,0.1958917920780182,1.0,REGULAR,USD,2024-12-06
NDXP241206C20675000,2024-10-18 20:01:58+00:00,20675.0,433.3,698.5,719.9,0.0,0.0,8.0,4.0,0.1982168268108368,1.0,REGULAR,USD,2024-12-06
NDXP241206C20700000,2024-11-08 20:25:08+00:00,20700.0,686.55,685.7,693.5,33.179993,5.078285,1.0,3.0,0.1934141709804535,1.0,REGULAR,USD,2024-12-06
NDXP241206C20825000,2024-10-22 15:17:15+00:00,20825.0,361.5,590.4,610.1,0.0,0.0,,1.0,0.19036530467987062,1.0,REGULAR,USD,2024-12-06
NDXP241206C20875000,2024-11-07 14:42:28+00:00,20875.0,500.0,556.2,575.3,0.0,0.0,2.0,2.0,0.18792392284393306,1.0,REGULAR,USD,2024-12-06
NDXP241206C20900000,2024-11-07 19:58:22+00:00,20900.0,555.17,545.2,552.6,0.0,0.0,10.0,7.0,0.1842914136981964,1.0,REGULAR,USD,2024-12-06
NDXP241206C20925000,2024-10-25 17:20:08+00:00,20925.0,363.96,522.9,541.5,0.0,0.0,1.0,1.0,0.1855826758098602,1.0,REGULAR,USD,2024-12-06
NDXP241206C20975000,2024-10-31 13:36:07+00:00,20975.0,223.55,494.2,503.0,0.0,0.0,1.0,2.0,0.18089541341781612,1.0,REGULAR,USD,2024-12-06
NDXP241206C21000000,2024-11-07 20:00:13+00:00,21000.0,497.56,480.4,486.5,0.0,0.0,6.0,1.0,0.179599382982254,1.0,REGULAR,USD,2024-12-06
NDXP241206C21025000,2024-11-01 13:40:18+00:00,21025.0,153.1,464.0,471.0,0.0,0.0,4.0,4.0,0.17863618155479433,1.0,REGULAR,USD,2024-12-06
NDXP241206C21050000,2024-11-07 19:12:19+00:00,21050.0,451.0,448.5,456.0,0.0,0.0,2.0,1.0,0.17779028089523316,1.0,REGULAR,USD,2024-12-06
NDXP241206C21100000,2024-11-07 19:56:36+00:00,21100.0,428.75,419.1,424.5,0.0,0.0,2.0,2.0,0.1751758089017868,1.0,REGULAR,USD,2024-12-06
NDXP241206C21150000,2024-11-08 20:30:29+00:00,21150.0,384.0,390.6,397.0,249.99,186.54579,1.0,15.0,0.17385450634956362,0.0,REGULAR,USD,2024-12-06
NDXP241206C21175000,2024-11-08 17:56:31+00:00,21175.0,373.6,377.0,381.6,167.20001,81.00777,1.0,20.0,0.1723467623329163,0.0,REGULAR,USD,2024-12-06
NDXP241206C21200000,2024-11-07 20:22:32+00:00,21200.0,390.25,363.8,368.7,0.0,0.0,2.0,3.0,0.17178982210159302,0.0,REGULAR,USD,2024-12-06
NDXP241206C21250000,2024-10-30 17:34:20+00:00,21250.0,222.2,336.8,342.1,0.0,0.0,5.0,8.0,0.17002363492965702,0.0,REGULAR,USD,2024-12-06
NDXP241206C21325000,2024-11-06 17:03:01+00:00,21325.0,163.0,300.1,305.0,0.0,0.0,1.0,8.0,0.1677586810779572,0.0,REGULAR,USD,2024-12-06
NDXP241206C21350000,2024-10-31 17:05:48+00:00,21350.0,88.16,288.2,292.4,0.0,0.0,,3.0,0.16668199354171756,0.0,REGULAR,USD,2024-12-06
NDXP241206C21375000,2024-10-21 14:14:34+00:00,21375.0,180.5,275.6,280.8,0.0,0.0,,4.0,0.16592383004188538,0.0,REGULAR,USD,2024-12-06
NDXP241206C21400000,2024-11-07 16:38:17+00:00,21400.0,263.67,265.5,269.9,0.0,0.0,2.0,9.0,0.16535639949798586,0.0,REGULAR,USD,2024-12-06
NDXP241206C21450000,2024-11-07 14:40:58+00:00,21450.0,209.5,244.6,248.3,0.0,0.0,1.0,6.0,0.16397072457313538,0.0,REGULAR,USD,2024-12-06
NDXP241206C21500000,2024-11-08 15:03:43+00:00,21500.0,224.78,224.4,227.8,5.1799927,2.358831,35.0,45.0,0.16260984493255615,0.0,REGULAR,USD,2024-12-06
NDXP241206C21525000,2024-11-06 15:31:30+00:00,21525.0,120.67,214.0,218.7,0.0,0.0,1.0,4.0,0.1622741549301147,0.0,REGULAR,USD,2024-12-06
NDXP241206C21550000,2024-11-08 16:55:46+00:00,21550.0,204.8,205.5,208.8,155.3,313.73737,2.0,5.0,0.16145781787872315,0.0,REGULAR,USD,2024-12-06
NDXP241206C21600000,2024-11-06 18:10:37+00:00,21600.0,107.45,187.8,190.9,0.0,0.0,1.0,2.0,0.160342983751297,0.0,REGULAR,USD,2024-12-06
NDXP241206C21650000,2024-10-29 13:35:01+00:00,21650.0,93.9,170.6,175.1,0.0,0.0,,8.0,0.15975743357658387,0.0,REGULAR,USD,2024-12-06
NDXP241206C21775000,2024-10-25 17:44:21+00:00,21775.0,85.9,134.5,138.4,0.0,0.0,2.0,2.0,0.1576402977657318,0.0,REGULAR,USD,2024-12-06
NDXP241206C21800000,2024-11-07 15:09:14+00:00,21800.0,121.65,128.4,131.4,0.0,0.0,2.0,5.0,0.15702613764762882,0.0,REGULAR,USD,2024-12-06
NDXP241206C21825000,2024-10-15 14:34:30+00:00,21825.0,102.55,122.4,125.9,0.0,0.0,,0.0,0.1571005235004425,0.0,REGULAR,USD,2024-12-06
NDXP241206C21950000,2024-11-06 16:49:27+00:00,21950.0,46.0,95.3,98.3,0.0,0.0,4.0,5.0,0.15576062448501587,0.0,REGULAR,USD,2024-12-06
NDXP241206C22025000,2024-11-08 19:42:48+00:00,22025.0,89.4,81.3,84.2,21.099998,30.893114,2.0,1.0,0.15503679291725164,0.0,REGULAR,USD,2024-12-06
NDXP241206C22050000,2024-11-08 17:13:21+00:00,22050.0,72.2,77.5,80.0,20.159996,38.73942,4.0,2.0,0.15488897487640385,0.0,REGULAR,USD,2024-12-06
NDXP241206C22075000,2024-10-25 17:45:03+00:00,22075.0,50.2,73.3,76.0,0.0,0.0,3.0,3.0,0.1547630911254883,0.0,REGULAR,USD,2024-12-06
NDXP241206C22100000,2024-10-25 17:17:50+00:00,22100.0,54.6,69.8,72.2,0.0,0.0,1.0,1.0,0.15466677098274234,0.0,REGULAR,USD,2024-12-06
NDXP241206C22150000,2024-10-25 17:44:35+00:00,22150.0,43.0,61.7,65.2,0.0,0.0,5.0,5.0,0.15457903382301336,0.0,REGULAR,USD,2024-12-06
NDXP241206C22175000,2024-10-25 17:17:39+00:00,22175.0,47.7,59.0,61.9,0.0,0.0,1.0,1.0,0.15452372126579286,0.0,REGULAR,USD,2024-12-06
NDXP241206C22225000,2024-10-25 16:01:29+00:00,22225.0,44.6,53.4,55.7,0.0,0.0,3.0,3.0,0.154404513168335,0.0,REGULAR,USD,2024-12-06
NDXP241206C22300000,2024-11-06 17:35:54+00:00,22300.0,23.4,45.4,47.4,0.0,0.0,1.0,2.0,0.15425574146270754,0.0,REGULAR,USD,2024-12-06
NDXP241206C22325000,2024-10-18 17:35:43+00:00,22325.0,38.85,43.0,45.0,0.0,0.0,1.0,1.0,0.15432249799728395,0.0,REGULAR,USD,2024-12-06
NDXP241206C22425000,2024-10-24 13:30:41+00:00,22425.0,15.1,34.6,36.5,0.0,0.0,,1.0,0.15467726129531864,0.0,REGULAR,USD,2024-12-06
NDXP241206C22450000,2024-10-24 13:30:41+00:00,22450.0,35.7,32.7,34.5,21.2,146.2069,2.0,1.0,0.15464674402236944,0.0,REGULAR,USD,2024-12-06
NDXP241206C22475000,2024-10-24 13:30:41+00:00,22475.0,4.9,30.8,32.7,0.0,0.0,,1.0,0.15473638851165772,0.0,REGULAR,USD,2024-12-06
NDXP241206C22500000,2024-11-08 19:46:43+00:00,22500.0,32.0,29.2,31.1,-0.29999924,-0.9287902,1.0,7.0,0.15496145339965822,0.0,REGULAR,USD,2024-12-06
NDXP241206C22525000,2024-11-04 20:31:11+00:00,22525.0,7.3,27.7,29.4,0.0,0.0,5.0,6.0,0.15497861936569216,0.0,REGULAR,USD,2024-12-06
NDXP241206C22550000,2024-11-01 20:11:47+00:00,22550.0,8.2,26.1,27.9,0.0,0.0,1.0,2.0,0.15514646436691285,0.0,REGULAR,USD,2024-12-06
NDXP241206C22625000,2024-10-24 13:30:41+00:00,22625.0,4.0,22.2,23.8,0.0,0.0,,1.0,0.15563664806365968,0.0,REGULAR,USD,2024-12-06
NDXP241206C22675000,2024-10-24 13:30:41+00:00,22675.0,8.6,19.8,21.4,0.0,0.0,,1.0,0.155995226020813,0.0,REGULAR,USD,2024-12-06
NDXP241206C22700000,2024-10-24 13:30:41+00:00,22700.0,8.3,18.8,20.5,0.0,0.0,,2.0,0.15651020500183108,0.0,REGULAR,USD,2024-12-06
NDXP241206C22725000,2024-10-24 17:12:51+00:00,22725.0,12.0,17.8,19.3,0.0,0.0,,1.0,0.15647587306976318,0.0,REGULAR,USD,2024-12-06
NDXP241206C22900000,2024-11-07 17:28:35+00:00,22900.0,15.2,12.1,13.6,0.0,0.0,3.0,5.0,0.15863115547180176,0.0,REGULAR,USD,2024-12-06
NDXP241206C22925000,2024-10-24 13:30:43+00:00,22925.0,1.5,11.5,13.0,0.0,0.0,,1.0,0.15908509990692138,0.0,REGULAR,USD,2024-12-06
NDXP241206C22950000,2024-10-24 13:30:43+00:00,22950.0,1.5,10.8,12.3,0.0,0.0,,1.0,0.15925675956726074,0.0,REGULAR,USD,2024-12-06
NDXP241206C23375000,2024-10-24 13:30:43+00:00,23375.0,1.5,4.9,5.9,0.0,0.0,,1.0,0.1675803457641602,0.0,REGULAR,USD,2024-12-06
NDXP241206C23400000,2024-11-06 21:08:22+00:00,23400.0,4.6,4.7,5.6,0.0,0.0,3.0,5.0,0.16783974258422857,0.0,REGULAR,USD,2024-12-06
NDXP241209C21300000,2024-11-01 14:20:41+00:00,21300.0,114.15,320.5,330.1,0.0,0.0,1.0,1.0,0.16568636751174928,0.0,REGULAR,USD,2024-12-09
NDXP241209C21400000,2024-11-01 14:20:41+00:00,21400.0,95.4,274.3,283.2,0.0,0.0,1.0,1.0,0.16292217014789584,0.0,REGULAR,USD,2024-12-09
NDXP241213C19200000,2024-10-25 19:32:00+00:00,19200.0,1532.1,2039.2,2066.9,0.0,0.0,3.0,3.0,0.2964471601104737,True,REGULAR,USD,2024-12-13
NDXP241213C19300000,2024-10-25 19:32:00+00:00,19300.0,1450.8,1944.6,1972.0,0.0,0.0,3.0,3.0,0.2887348730373382,True,REGULAR,USD,2024-12-13
NDXP241213C19600000,2024-10-30 16:35:36+00:00,19600.0,1296.04,1664.9,1691.3,0.0,0.0,,1.0,0.26658982318878177,True,REGULAR,USD,2024-12-13
NDXP241213C19625000,2024-10-30 16:38:38+00:00,19625.0,1264.93,1641.9,1668.3,0.0,0.0,,2.0,0.2648560606193543,True,REGULAR,USD,2024-12-13
NDXP241213C19650000,2024-10-30 16:36:59+00:00,19650.0,1247.26,1618.9,1645.2,0.0,0.0,,1.0,0.2630440975379944,True,REGULAR,USD,2024-12-13
NDXP241213C19675000,2024-10-30 16:37:38+00:00,19675.0,1224.39,1596.1,1622.2,0.0,0.0,,2.0,0.2612683737182617,True,REGULAR,USD,2024-12-13
NDXP241213C19700000,2024-10-30 16:35:00+00:00,19700.0,1218.63,1573.2,1599.3,0.0,0.0,,1.0,0.25952602816581727,True,REGULAR,USD,2024-12-13
NDXP241213C19725000,2024-10-30 16:39:26+00:00,19725.0,1199.22,1550.5,1576.5,0.0,0.0,,1.0,0.25781801454544073,True,REGULAR,USD,2024-12-13
NDXP241213C19750000,2024-10-30 16:40:18+00:00,19750.0,1180.88,1527.8,1553.7,0.0,0.0,,1.0,0.25608520564079285,True,REGULAR,USD,2024-12-13
NDXP241213C19775000,2024-10-30 16:40:54+00:00,19775.0,1160.95,1505.2,1530.9,0.0,0.0,,1.0,0.2543295087814331,True,REGULAR,USD,2024-12-13
NDXP241213C19800000,2024-10-30 16:33:51+00:00,19800.0,1138.49,1482.6,1508.3,0.0,0.0,,1.0,0.25265868808746345,True,REGULAR,USD,2024-12-13
NDXP241213C19850000,2024-11-06 15:40:13+00:00,19850.0,1072.2,1437.7,1463.1,0.0,0.0,1.0,2.0,0.2492388461875915,True,REGULAR,USD,2024-12-13
NDXP241213C19900000,2024-11-01 14:15:46+00:00,19900.0,769.64,1393.1,1418.3,0.0,0.0,12.0,13.0,0.245925814743042,True,REGULAR,USD,2024-12-13
NDXP241213C19925000,2024-11-01 14:15:46+00:00,19925.0,753.38,1370.9,1396.0,0.0,0.0,10.0,10.0,0.24427978933334352,True,REGULAR,USD,2024-12-13
NDXP241213C20000000,2024-11-04 17:27:54+00:00,20000.0,635.0,1304.9,1329.5,0.0,0.0,3.0,3.0,0.23937223037719724,True,REGULAR,USD,2024-12-13
NDXP241213C20100000,2024-11-01 14:17:05+00:00,20100.0,641.55,1218.1,1242.1,0.0,0.0,3.0,9.0,0.2330274985980988,True,REGULAR,USD,2024-12-13
NDXP241213C20125000,2024-11-01 14:17:05+00:00,20125.0,626.64,1196.6,1220.5,0.0,0.0,3.0,4.0,0.2314806543254852,True,REGULAR,USD,2024-12-13
NDXP241213C20150000,2024-10-30 16:28:58+00:00,20150.0,880.74,1175.2,1199.0,0.0,0.0,,1.0,0.2299462076950073,True,REGULAR,USD,2024-12-13
NDXP241213C20200000,2024-10-30 16:28:15+00:00,20200.0,843.46,1132.8,1156.3,0.0,0.0,2.0,15.0,0.22691164636611938,True,REGULAR,USD,2024-12-13
NDXP241213C20250000,2024-10-30 16:30:02+00:00,20250.0,810.24,1090.9,1114.0,0.0,0.0,,1.0,0.2239133242988586,True,REGULAR,USD,2024-12-13
NDXP241213C20300000,2024-11-06 17:02:57+00:00,20300.0,750.3,1049.4,1072.2,0.0,0.0,1.0,9.0,0.22098748075485228,True,REGULAR,USD,2024-12-13
NDXP241213C20325000,2024-11-06 17:02:57+00:00,20325.0,732.78,1028.9,1051.4,0.0,0.0,1.0,1.0,0.21950834668159486,True,REGULAR,USD,2024-12-13
NDXP241213C20375000,2024-11-06 20:50:18+00:00,20375.0,791.85,988.2,1012.2,0.0,0.0,1.0,2.0,0.21748610051631928,True,REGULAR,USD,2024-12-13
NDXP241213C20400000,2024-11-07 19:21:33+00:00,20400.0,957.65,973.4,984.1,0.0,0.0,2.0,13.0,0.2126686628818512,True,REGULAR,USD,2024-12-13
NDXP241213C20425000,2024-10-30 16:24:29+00:00,20425.0,691.3,948.0,969.8,0.0,0.0,,2.0,0.213872187833786,True,REGULAR,USD,2024-12-13
NDXP241213C20450000,2024-10-30 16:47:01+00:00,20450.0,684.39,933.6,944.0,0.0,0.0,,1.0,0.21001842845916746,True,REGULAR,USD,2024-12-13
NDXP241213C20500000,2024-11-07 19:20:28+00:00,20500.0,881.22,894.1,904.5,0.0,0.0,2.0,6.0,0.20743208957672116,True,REGULAR,USD,2024-12-13
NDXP241213C20600000,2024-11-07 19:19:17+00:00,20600.0,810.05,817.3,827.3,0.0,0.0,2.0,12.0,0.20240150786399835,True,REGULAR,USD,2024-12-13
NDXP241213C20700000,2024-11-07 19:18:06+00:00,20700.0,743.45,743.2,752.7,0.0,0.0,2.0,12.0,0.1975654737663269,True,REGULAR,USD,2024-12-13
NDXP241213C20750000,2024-11-06 15:28:36+00:00,20750.0,480.65,707.2,716.5,0.0,0.0,1.0,4.0,0.19523948536872862,True,REGULAR,USD,2024-12-13
NDXP241213C20800000,2024-10-24 14:57:07+00:00,20800.0,344.7,672.0,681.0,0.0,0.0,1.0,9.0,0.19294592157363893,True,REGULAR,USD,2024-12-13
NDXP241213C20825000,2024-11-04 14:50:59+00:00,20825.0,244.6,649.9,668.2,0.0,0.0,1.0,1.0,0.19364018953323367,True,REGULAR,USD,2024-12-13
NDXP241213C20900000,2024-11-07 19:12:33+00:00,20900.0,602.55,604.1,612.6,0.0,0.0,15.0,13.0,0.18860197850227356,True,REGULAR,USD,2024-12-13
NDXP241213C20925000,2024-11-04 14:50:59+00:00,20925.0,210.95,583.1,600.4,0.0,0.0,1.0,1.0,0.18923330458641052,True,REGULAR,USD,2024-12-13
NDXP241213C21000000,2024-11-06 15:28:36+00:00,21000.0,350.7,539.8,547.7,0.0,0.0,1.0,6.0,0.18451457125663756,True,REGULAR,USD,2024-12-13
NDXP241213C21025000,2024-10-31 18:35:14+00:00,21025.0,180.6,524.4,532.1,0.0,0.0,,4.0,0.1835523234939575,True,REGULAR,USD,2024-12-13
NDXP241213C21100000,2024-11-04 15:15:30+00:00,21100.0,162.7,479.4,486.6,0.0,0.0,1.0,11.0,0.18070944878578182,True,REGULAR,USD,2024-12-13
NDXP241213C21200000,2024-11-06 20:49:45+00:00,21200.0,309.26,423.1,429.7,0.0,0.0,24.0,19.0,0.17726242743968962,False,REGULAR,USD,2024-12-13
NDXP241213C21225000,2024-11-04 15:00:28+00:00,21225.0,134.65,409.8,416.1,0.0,0.0,1.0,1.0,0.17643703057289123,False,REGULAR,USD,2024-12-13
NDXP241213C21250000,2024-10-31 17:06:25+00:00,21250.0,137.85,396.6,402.8,0.0,0.0,,1.0,0.17564262781143192,False,REGULAR,USD,2024-12-13
NDXP241213C21275000,2024-11-06 19:19:24+00:00,21275.0,256.4,383.6,389.9,0.0,0.0,5.0,6.0,0.17491784257888796,False,REGULAR,USD,2024-12-13
NDXP241213C21300000,2024-10-31 13:52:53+00:00,21300.0,143.79,371.0,377.2,0.0,0.0,1.0,3.0,0.17418495119571692,False,REGULAR,USD,2024-12-13
NDXP241213C21350000,2024-11-01 13:57:52+00:00,21350.0,120.07,346.5,352.6,0.0,0.0,2.0,4.0,0.17277114315986636,False,REGULAR,USD,2024-12-13
NDXP241213C21375000,2024-11-01 13:57:52+00:00,21375.0,115.23,334.7,340.8,0.0,0.0,2.0,4.0,0.17212837309837342,False,REGULAR,USD,2024-12-13
NDXP241213C21400000,2024-11-05 14:43:14+00:00,21400.0,100.5,323.2,329.2,0.0,0.0,1.0,7.0,0.17147558955669406,False,REGULAR,USD,2024-12-13
NDXP241213C21425000,2024-11-01 17:52:16+00:00,21425.0,108.02,312.0,317.9,0.0,0.0,2.0,2.0,0.17085236962318423,False,REGULAR,USD,2024-12-13
NDXP241213C21500000,2024-10-24 18:24:01+00:00,21500.0,135.37,279.8,285.6,0.0,0.0,70.0,43.0,0.1690814141273499,False,REGULAR,USD,2024-12-13
NDXP241213C21550000,2024-11-07 17:38:44+00:00,21550.0,262.15,259.8,265.4,0.0,0.0,1.0,2.0,0.16798469963073734,False,REGULAR,USD,2024-12-13
NDXP241213C21600000,2024-10-22 17:58:27+00:00,21600.0,158.6,240.8,246.3,0.0,0.0,3.0,4.0,0.16697190763473516,False,REGULAR,USD,2024-12-13
NDXP241213C21700000,2024-10-28 14:20:12+00:00,21700.0,132.1,206.0,211.3,0.0,0.0,,1.0,0.16518378617286683,False,REGULAR,USD,2024-12-13
NDXP241213C21800000,2024-10-28 14:20:12+00:00,21800.0,112.55,175.6,180.3,0.0,0.0,,1.0,0.16365506153106696,False,REGULAR,USD,2024-12-13
NDXP241213C21900000,2024-10-23 15:54:01+00:00,21900.0,70.0,148.6,153.2,0.0,0.0,,3.0,0.16243246328353883,False,REGULAR,USD,2024-12-13
NDXP241213C22000000,2024-10-25 13:39:36+00:00,22000.0,74.0,125.1,129.6,0.0,0.0,1.0,13.0,0.16144542023658753,False,REGULAR,USD,2024-12-13
NDXP241213C22050000,2024-11-05 17:38:30+00:00,22050.0,35.95,114.6,119.0,0.0,0.0,1.0,2.0,0.1610248540687561,False,REGULAR,USD,2024-12-13
NDXP241213C22100000,2024-11-05 17:38:30+00:00,22100.0,32.9,104.9,109.2,0.0,0.0,1.0,36.0,0.16067772008895875,False,REGULAR,USD,2024-12-13
NDXP241213C22150000,2024-10-28 14:42:36+00:00,22150.0,64.57,95.9,100.1,0.0,0.0,,1.0,0.16036968636512755,False,REGULAR,USD,2024-12-13
NDX241220C04000000,2024-04-26 13:31:39+00:00,4000.0,13622.7,14858.4,14884.3,0.0,0.0,1.0,39.0,1.0000000000000003e-05,True,REGULAR,USD,2024-12-20
NDX241220C04200000,2024-04-26 13:31:50+00:00,4200.0,13429.9,14664.7,14690.6,0.0,0.0,1.0,1.0,1.0000000000000003e-05,True,REGULAR,USD,2024-12-20
NDX241220C04400000,2024-01-02 15:12:53+00:00,4400.0,12309.0,12966.8,13003.4,0.0,0.0,,1.0,1.0000000000000003e-05,True,REGULAR,USD,2024-12-20
NDX241220C04500000,2024-03-14 20:01:36+00:00,4500.0,13638.6,13598.9,13631.5,0.0,0.0,1.0,1.0,1.0000000000000003e-05,True,REGULAR,USD,2024-12-20
NDX241220C04600000,2024-01-02 15:13:18+00:00,4600.0,12123.3,12703.1,12865.8,0.0,0.0,,3.0,1.0000000000000003e-05,True,REGULAR,USD,2024-12-20
NDX241220C04800000,2024-01-02 15:12:52+00:00,4800.0,11928.5,12580.2,12616.7,0.0,0.0,,1.0,1.0000000000000003e-05,True,REGULAR,USD,2024-12-20
NDX241220C05000000,2022-11-29 20:38:33+00:00,5000.0,6832.0,6192.0,6392.0,0.0,0.0,,1.0,1.0000000000000003e-05,True,REGULAR,USD,2024-12-20
NDX241220C05200000,2024-03-14 20:01:41+00:00,5200.0,12968.5,12926.1,12958.5,0.0,0.0,1.0,1.0,1.0000000000000003e-05,True,REGULAR,USD,2024-12-20
NDX241220C06600000,2024-06-14 15:02:12+00:00,6600.0,13130.2,13845.3,13873.3,0.0,0.0,,1.0,1.0000000000000003e-05,True,REGULAR,USD,2024-12-20
NDX241220C07000000,2023-01-19 19:41:06+00:00,7000.0,5008.47,5812.0,6079.7,0.0,0.0,,1.0,1.0000000000000003e-05,True,REGULAR,USD,2024-12-20
NDX241220C08000000,2024-11-04 16:43:24+00:00,8000.0,12030.8,13141.4,13174.2,0.0,0.0,3.0,62.0,1.359408720550537,True,REGULAR,USD,2024-12-20
NDX241220C08600000,2024-06-13 15:18:29+00:00,8600.0,11140.72,11896.6,11924.1,0.0,0.0,24.0,35.0,1.0000000000000003e-05,True,REGULAR,USD,2024-12-20
NDX241220C09000000,2024-06-17 14:25:42+00:00,9000.0,10898.45,11099.0,11132.0,0.0,0.0,,26.0,1.0000000000000003e-05,True,REGULAR,USD,2024-12-20
NDX241220C09200000,2024-09-19 13:44:11+00:00,9200.0,10706.85,11185.1,11216.3,0.0,0.0,37.0,124.0,1.0000000000000003e-05,True,REGULAR,USD,2024-12-20
NDX241220C09400000,2024-09-19 13:49:19+00:00,9400.0,10497.52,10987.0,11018.2,0.0,0.0,,43.0,1.0000000000000003e-05,True,REGULAR,USD,2024-12-20
NDX241220C09600000,2023-11-27 16:24:16+00:00,9600.0,6905.71,7714.0,7785.0,0.0,0.0,1.0,4.0,1.0000000000000003e-05,True,REGULAR,USD,2024-12-20
NDX241220C09800000,2022-07-14 13:30:20+00:00,9800.0,3326.7,4843.0,5043.0,0.0,0.0,,1.0,1.0000000000000003e-05,True,REGULAR,USD,2024-12-20
NDX241220C10000000,2024-09-12 18:09:35+00:00,10000.0,9560.0,10314.9,10349.0,0.0,0.0,2.0,4.0,1.0000000000000003e-05,True,REGULAR,USD,2024-12-20
NDX241220C10100000,2024-10-14 15:32:09+00:00,10100.0,10358.0,11054.5,11086.6,0.0,0.0,5.0,7.0,1.1034285551452638,True,REGULAR,USD,2024-12-20
NDX241220C10200000,2022-03-08 14:30:18+00:00,10200.0,4371.8,0.0,0.0,0.0,0.0,,0.0,1.0000000000000003e-05,True,REGULAR,USD,2024-12-20
NDX241220C10600000,2024-05-23 19:21:11+00:00,10600.0,8262.1,9394.9,9423.0,0.0,0.0,1.0,2.0,1.0000000000000003e-05,True,REGULAR,USD,2024-12-20
NDX241220C10700000,2022-10-13 13:57:56+00:00,10700.0,2051.8,2808.6,3050.5,0.0,0.0,,1.0,1.0000000000000003e-05,True,REGULAR,USD,2024-12-20
NDX241220C10800000,2024-05-23 19:06:11+00:00,10800.0,8059.6,9201.7,9229.8,0.0,0.0,,1.0,1.0000000000000003e-05,True,REGULAR,USD,2024-12-20
NDX241220C10900000,2023-12-21 15:35:19+00:00,10900.0,6346.73,6884.4,6921.8,0.0,0.0,,3.0,1.0000000000000003e-05,True,REGULAR,USD,2024-12-20
NDX241220C11000000,2023-12-21 15:35:19+00:00,11000.0,6257.2,6792.4,6829.7,0.0,0.0,3.0,15.0,1.0000000000000003e-05,True,REGULAR,USD,2024-12-20
NDX241220C11200000,2024-01-12 16:01:27+00:00,11200.0,6108.35,7197.4,7222.0,0.0,0.0,6.0,47.0,1.0000000000000003e-05,True,REGULAR,USD,2024-12-20
NDX241220C11300000,2024-01-12 16:01:27+00:00,11300.0,6017.69,7104.7,7129.2,0.0,0.0,,6.0,1.0000000000000003e-05,True,REGULAR,USD,2024-12-20
NDX241220C11500000,2022-09-23 14:51:31+00:00,11500.0,2146.4,2154.3,2229.2,0.0,0.0,1.0,1.0,1.0000000000000003e-05,True,REGULAR,USD,2024-12-20
NDX241220C11600000,2024-09-04 13:58:08+00:00,11600.0,7502.0,8373.2,8431.6,0.0,0.0,,1.0,1.0000000000000003e-05,True,REGULAR,USD,2024-12-20
NDX241220C11800000,2024-09-04 14:01:10+00:00,11800.0,7201.0,8149.1,8207.6,0.0,0.0,7.0,8.0,1.0000000000000003e-05,True,REGULAR,USD,2024-12-20
NDX241220C11900000,2022-11-14 14:41:29+00:00,11900.0,2188.8,2101.3,2229.4,0.0,0.0,1.0,1.0,1.0000000000000003e-05,True,REGULAR,USD,2024-12-20
NDX241220C12000000,2023-09-15 13:30:15+00:00,12000.0,4441.2,3918.0,4118.0,0.0,0.0,14.0,84.0,1.0000000000000003e-05,True,REGULAR,USD,2024-12-20
NDX241220C12100000,2024-09-04 14:11:49+00:00,12100.0,7021.0,7854.2,7912.6,0.0,0.0,15.0,20.0,1.0000000000000003e-05,True,REGULAR,USD,2024-12-20
NDX241220C12200000,2022-09-01 15:06:12+00:00,12200.0,2228.0,1604.3,1687.8,0.0,0.0,1.0,2.0,1.0000000000000003e-05,True,REGULAR,USD,2024-12-20
NDX241220C12400000,2024-09-04 14:15:47+00:00,12400.0,6708.0,7584.1,7653.9,0.0,0.0,1.0,22.0,1.0000000000000003e-05,True,REGULAR,USD,2024-12-20
NDX241220C12500000,2024-09-04 14:19:49+00:00,12500.0,6599.0,7486.0,7555.7,0.0,0.0,1.0,2.0,1.0000000000000003e-05,True,REGULAR,USD,2024-12-20
NDX241220C12600000,2024-09-04 14:24:15+00:00,12600.0,6531.0,7363.3,7421.5,0.0,0.0,,1.0,1.0000000000000003e-05,True,REGULAR,USD,2024-12-20
NDX241220C12700000,2022-06-10 17:48:35+00:00,12700.0,2081.9,1938.0,2085.2,0.0,0.0,,7.0,1.0000000000000003e-05,True,REGULAR,USD,2024-12-20
NDX241220C12800000,2023-08-02 17:10:42+00:00,12800.0,3882.75,3831.2,3922.0,0.0,0.0,1.0,0.0,1.0000000000000003e-05,True,REGULAR,USD,2024-12-20
NDX241220C12900000,2024-11-04 15:52:26+00:00,12900.0,7261.05,8274.1,8304.2,0.0,0.0,1.0,1.0,0.8146991186523438,True,REGULAR,USD,2024-12-20
NDX241220C13000000,2024-11-04 15:52:26+00:00,13000.0,7162.16,8174.8,8206.7,0.0,0.0,1.0,25.0,0.8070049512100221,True,REGULAR,USD,2024-12-20
NDX241220C13100000,2024-09-04 14:28:34+00:00,13100.0,6058.0,6873.3,6931.3,0.0,0.0,1.0,45.0,1.0000000000000003e-05,True,REGULAR,USD,2024-12-20
NDX241220C13200000,2023-10-26 17:30:36+00:00,13200.0,2382.8,3718.8,3821.7,0.0,0.0,1.0,2.0,1.0000000000000003e-05,True,REGULAR,USD,2024-12-20
NDX241220C13300000,2023-05-18 16:40:03+00:00,13300.0,2279.8,3254.0,3454.0,0.0,0.0,15.0,2.0,1.0000000000000003e-05,True,REGULAR,USD,2024-12-20
NDX241220C13400000,2023-11-02 16:52:30+00:00,13400.0,2772.99,3490.0,3670.0,0.0,0.0,1.0,11.0,1.0000000000000003e-05,True,REGULAR,USD,2024-12-20
NDX241220C13500000,2024-01-22 17:05:42+00:00,13500.0,4597.61,4521.3,4684.9,0.0,0.0,1.0,20.0,1.0000000000000003e-05,True,REGULAR,USD,2024-12-20
NDX241220C13600000,2024-05-17 17:09:54+00:00,13600.0,5384.4,6415.9,6473.9,0.0,0.0,30.0,30.0,1.0000000000000003e-05,True,REGULAR,USD,2024-12-20
NDX241220C13900000,2022-07-29 20:07:29+00:00,13900.0,1973.5,1742.1,1815.2,0.0,0.0,1.0,1.0,1.0000000000000003e-05,True,REGULAR,USD,2024-12-20
NDX241220C14000000,2024-10-14 17:04:30+00:00,14000.0,6579.7,7179.9,7213.2,0.0,0.0,1.0,227.0,0.7108793560791016,True,REGULAR,USD,2024-12-20
NDX241220C14100000,2022-12-22 16:32:39+00:00,14100.0,717.63,793.0,843.0,0.0,0.0,4.0,6.0,1.0000000000000003e-05,True,REGULAR,USD,2024-12-20
NDX241220C14200000,2024-04-26 13:31:52+00:00,14200.0,3982.1,5070.6,5092.6,0.0,0.0,1.0,5.0,1.0000000000000003e-05,True,REGULAR,USD,2024-12-20
NDX241220C14300000,2024-01-22 15:18:43+00:00,14300.0,3959.6,3911.5,3932.2,0.0,0.0,1.0,5.0,1.0000000000000003e-05,True,REGULAR,USD,2024-12-20
NDX241220C14400000,2023-02-28 15:02:33+00:00,14400.0,944.89,1204.0,1398.0,0.0,0.0,5.0,6.0,1.0000000000000003e-05,True,REGULAR,USD,2024-12-20
NDX241220C14500000,2024-03-18 13:53:23+00:00,14500.0,4325.88,3746.4,3772.5,0.0,0.0,1.0,12.0,1.0000000000000003e-05,True,REGULAR,USD,2024-12-20
NDX241220C14600000,2023-05-23 16:51:04+00:00,14600.0,1495.6,2208.0,2386.0,0.0,0.0,5.0,21.0,1.0000000000000003e-05,True,REGULAR,USD,2024-12-20
NDX241220C14800000,2024-06-17 13:57:48+00:00,14800.0,5319.39,5487.6,5526.4,0.0,0.0,1.0,3.0,1.0000000000000003e-05,True,REGULAR,USD,2024-12-20
NDX241220C14900000,2024-01-02 14:57:21+00:00,14900.0,2842.3,3319.4,3350.2,0.0,0.0,1.0,2.0,1.0000000000000003e-05,True,REGULAR,USD,2024-12-20
NDX241220C15000000,2024-11-06 14:58:29+00:00,15000.0,5635.1,6189.9,6219.6,0.0,0.0,1.0,128.0,0.6218528415679933,True,REGULAR,USD,2024-12-20
NDX241220C15075000,2024-04-26 13:31:47+00:00,15075.0,3235.7,4267.8,4289.3,0.0,0.0,1.0,1.0,1.0000000000000003e-05,True,REGULAR,USD,2024-12-20
NDX241220C15100000,2024-10-11 18:40:29+00:00,15100.0,5325.01,6090.8,6120.4,0.0,0.0,1.0,44.0,0.6130867549133303,True,REGULAR,USD,2024-12-20
NDX241220C15200000,2024-10-21 16:01:44+00:00,15200.0,5235.71,5989.5,6021.5,0.0,0.0,,3.0,0.6029645569419864,True,REGULAR,USD,2024-12-20
NDX241220C15300000,2024-10-21 16:01:44+00:00,15300.0,5137.72,5890.4,5922.4,0.0,0.0,2.0,3.0,0.5943186320495606,True,REGULAR,USD,2024-12-20
NDX241220C15400000,2024-01-02 15:12:42+00:00,15400.0,2500.7,2927.1,2957.1,0.0,0.0,4.0,14.0,1.0000000000000003e-05,True,REGULAR,USD,2024-12-20
NDX241220C15450000,2024-11-04 14:43:54+00:00,15450.0,4646.95,5742.4,5773.7,0.0,0.0,5.0,6.0,0.581783662185669,True,REGULAR,USD,2024-12-20
NDX241220C15500000,2024-11-06 17:00:13+00:00,15500.0,5271.06,5693.3,5723.9,0.0,0.0,1.0,31.0,0.577602795791626,True,REGULAR,USD,2024-12-20
NDX241220C15600000,2024-01-02 15:12:49+00:00,15600.0,2360.9,2777.7,2806.3,0.0,0.0,1.0,12.0,1.0000000000000003e-05,True,REGULAR,USD,2024-12-20
NDX241220C15700000,2024-11-06 17:21:46+00:00,15700.0,5080.4,5494.0,5524.8,0.0,0.0,2.0,12.0,0.5590254058837891,True,REGULAR,USD,2024-12-20
NDX241220C15800000,2024-10-31 16:39:48+00:00,15800.0,4294.27,5395.3,5427.0,0.0,0.0,1.0,6.0,0.551539137363434,True,REGULAR,USD,2024-12-20
NDX241220C15900000,2023-02-09 14:45:09+00:00,15900.0,649.0,400.0,450.0,0.0,0.0,1.0,7.0,1.0000000000000003e-05,True,REGULAR,USD,2024-12-20
NDX241220C16000000,2024-10-31 16:39:48+00:00,16000.0,4100.53,5199.3,5228.5,0.0,0.0,1.0,121.0,0.5355175690650942,True,REGULAR,USD,2024-12-20
NDX241220C16025000,2024-07-15 13:41:13+00:00,16025.0,4872.99,3434.9,3481.8,0.0,0.0,1.0,1.0,1.0000000000000003e-05,True,REGULAR,USD,2024-12-20
NDX241220C16100000,2024-10-31 16:39:48+00:00,16100.0,4003.97,5098.1,5129.9,0.0,0.0,1.0,6.0,0.5259179793930053,True,REGULAR,USD,2024-12-20
NDX241220C16200000,2024-05-15 13:51:09+00:00,16200.0,2898.45,3948.6,3979.4,0.0,0.0,1.0,14.0,1.0000000000000003e-05,True,REGULAR,USD,2024-12-20
NDX241220C16300000,2024-04-02 14:01:14+00:00,16300.0,2761.0,2072.8,2097.7,0.0,0.0,1.0,62.0,1.0000000000000003e-05,True,REGULAR,USD,2024-12-20
NDX241220C16375000,2024-08-05 16:30:04+00:00,16375.0,2633.5,2968.4,2994.9,0.0,0.0,,40.0,1.0000000000000003e-05,True,REGULAR,USD,2024-12-20
NDX241220C16400000,2024-01-17 14:38:50+00:00,16400.0,1781.1,0.0,0.0,0.0,0.0,2.0,21.0,1.0000000000000003e-05,True,REGULAR,USD,2024-12-20
NDX241220C16500000,2024-09-19 15:20:34+00:00,16500.0,3699.1,3998.9,4028.3,0.0,0.0,12.0,56.0,1.0000000000000003e-05,True,REGULAR,USD,2024-12-20
NDX241220C16600000,2023-11-07 19:44:07+00:00,16600.0,1078.1,1288.0,1474.0,0.0,0.0,8.0,5.0,1.0000000000000003e-05,True,REGULAR,USD,2024-12-20
NDX241220C16625000,2024-08-06 14:00:01+00:00,16625.0,2291.4,2790.3,2838.3,0.0,0.0,,1.0,1.0000000000000003e-05,True,REGULAR,USD,2024-12-20
NDX241220C16700000,2024-09-19 15:20:34+00:00,16700.0,3513.7,3806.2,3835.5,0.0,0.0,12.0,44.0,1.0000000000000003e-05,True,REGULAR,USD,2024-12-20
NDX241220C16800000,2024-11-04 17:42:21+00:00,16800.0,3348.46,4407.5,4438.5,0.0,0.0,1.0,23.0,0.4846929582977295,True,REGULAR,USD,2024-12-20
NDX241220C16900000,2024-11-04 17:29:31+00:00,16900.0,3256.87,4309.7,4340.6,0.0,0.0,1.0,54.0,0.4769358489799499,True,REGULAR,USD,2024-12-20
NDX241220C17000000,2024-11-08 15:24:49+00:00,17000.0,4175.88,4211.9,4242.7,70.69971,1.7222072,1.0,187.0,0.4691348710823059,True,REGULAR,USD,2024-12-20
NDX241220C17100000,2024-11-04 17:42:21+00:00,17100.0,3063.08,4112.0,4141.9,0.0,0.0,1.0,160.0,0.4585530066871644,True,REGULAR,USD,2024-12-20
NDX241220C17200000,2024-04-03 17:49:07+00:00,17200.0,2228.2,1795.1,1809.2,0.0,0.0,4.0,12.0,1.0000000000000003e-05,True,REGULAR,USD,2024-12-20
NDX241220C17300000,2024-01-11 18:55:53+00:00,17300.0,1329.9,2056.6,2079.3,0.0,0.0,2.0,9.0,1.0000000000000003e-05,True,REGULAR,USD,2024-12-20
NDX241220C17350000,2024-10-28 16:03:54+00:00,17350.0,3244.7,3866.8,3897.5,0.0,0.0,,2.0,0.4391917043304443,True,REGULAR,USD,2024-12-20
NDX241220C17400000,2023-12-29 19:53:38+00:00,17400.0,1392.4,1753.3,1778.1,0.0,0.0,2.0,10.0,1.0000000000000003e-05,True,REGULAR,USD,2024-12-20
NDX241220C17500000,2024-08-22 16:29:13+00:00,17500.0,2760.05,2645.6,2687.8,0.0,0.0,1.0,56.0,1.0000000000000003e-05,True,REGULAR,USD,2024-12-20
NDX241220C17550000,2024-08-13 15:35:22+00:00,17550.0,2063.33,2332.2,2360.1,0.0,0.0,,1.0,1.0000000000000003e-05,True,REGULAR,USD,2024-12-20
NDX241220C17600000,2024-10-24 17:02:44+00:00,17600.0,2840.25,3620.5,3652.7,0.0,0.0,1.0,22.0,0.4191532999801636,True,REGULAR,USD,2024-12-20
NDX241220C17700000,2024-11-08 18:51:55+00:00,17700.0,3545.3,3523.3,3553.9,7.5,0.21199615,1.0,25.0,0.41032427145004274,True,REGULAR,USD,2024-12-20
NDX241220C17750000,2024-04-30 16:21:33+00:00,17750.0,1350.35,1788.4,1804.5,0.0,0.0,1.0,1.0,1.0000000000000003e-05,True,REGULAR,USD,2024-12-20
NDX241220C17775000,2024-07-25 16:44:52+00:00,17775.0,2188.3,2472.1,2505.1,0.0,0.0,30.0,30.0,1.0000000000000003e-05,True,REGULAR,USD,2024-12-20
NDX241220C17800000,2024-09-23 19:41:13+00:00,17800.0,2447.9,2470.1,2666.0,0.0,0.0,1.0,22.0,1.0000000000000003e-05,True,REGULAR,USD,2024-12-20
NDX241220C17850000,2024-10-24 17:02:44+00:00,17850.0,2609.78,3376.5,3407.0,0.0,0.0,1.0,1.0,0.3980887523269654,True,REGULAR,USD,2024-12-20
NDX241220C17875000,2024-09-25 13:41:41+00:00,17875.0,2481.51,0.0,0.0,0.0,0.0,,0.0,1.0000000000000003e-05,True,REGULAR,USD,2024-12-20
NDX241220C17900000,2024-08-08 13:34:01+00:00,17900.0,1363.9,1373.4,1404.4,0.0,0.0,2.0,82.0,1.0000000000000003e-05,True,REGULAR,USD,2024-12-20
NDX241220C17925000,2024-09-26 13:43:25+00:00,17925.0,2639.42,2646.8,2670.0,0.0,0.0,1.0,1.0,1.0000000000000003e-05,True,REGULAR,USD,2024-12-20
NDX241220C17975000,2024-09-27 18:32:20+00:00,17975.0,2426.09,2601.2,2624.3,0.0,0.0,1.0,1.0,1.0000000000000003e-05,True,REGULAR,USD,2024-12-20
NDX241220C18000000,2024-09-30 13:47:42+00:00,18000.0,2447.81,0.0,0.0,0.0,0.0,1.0,286.0,1.0000000000000003e-05,True,REGULAR,USD,2024-12-20
NDX241220C18025000,2024-08-06 18:28:17+00:00,18025.0,1444.0,1585.8,1737.6,0.0,0.0,,1.0,1.0000000000000003e-05,True,REGULAR,USD,2024-12-20
NDX241220C18050000,2024-06-03 17:30:07+00:00,18050.0,1556.8,2755.4,2910.4,0.0,0.0,1.0,1.0,1.0000000000000003e-05,True,REGULAR,USD,2024-12-20
NDX241220C18100000,2024-04-04 16:46:31+00:00,18100.0,1716.27,1251.7,1273.3,0.0,0.0,6.0,69.0,1.0000000000000003e-05,True,REGULAR,USD,2024-12-20
NDX241220C18125000,2024-05-16 17:52:20+00:00,18125.0,1627.58,2343.7,2403.0,0.0,0.0,,1.0,1.0000000000000003e-05,True,REGULAR,USD,2024-12-20
NDX241220C18200000,2024-08-14 14:43:24+00:00,18200.0,1557.53,1842.9,1853.0,0.0,0.0,2.0,178.0,1.0000000000000003e-05,True,REGULAR,USD,2024-12-20
NDX241220C18275000,2024-05-31 19:54:29+00:00,18275.0,1423.7,2260.3,2288.8,0.0,0.0,1.0,1.0,1.0000000000000003e-05,True,REGULAR,USD,2024-12-20
NDX241220C18300000,2024-10-23 16:24:23+00:00,18300.0,2131.62,2937.6,2967.6,0.0,0.0,1.0,129.0,0.3616167964935302,True,REGULAR,USD,2024-12-20
NDX241220C18325000,2024-05-29 15:48:21+00:00,18325.0,1611.2,2261.3,2290.2,0.0,0.0,,1.0,1.0000000000000003e-05,True,REGULAR,USD,2024-12-20
NDX241220C18400000,2024-09-11 19:07:17+00:00,18400.0,1474.04,2202.3,2230.2,0.0,0.0,10.0,129.0,1.0000000000000003e-05,True,REGULAR,USD,2024-12-20
NDX241220C18425000,2024-05-24 13:59:03+00:00,18425.0,1462.3,2208.3,2230.4,0.0,0.0,1.0,2.0,1.0000000000000003e-05,True,REGULAR,USD,2024-12-20
NDX241220C18450000,2024-08-13 14:10:54+00:00,18450.0,1359.59,1625.4,1639.2,0.0,0.0,,2.0,1.0000000000000003e-05,True,REGULAR,USD,2024-12-20
NDX241220C18475000,2024-09-18 19:24:04+00:00,18475.0,1592.95,2151.5,2177.6,0.0,0.0,2.0,1.0,1.0000000000000003e-05,True,REGULAR,USD,2024-12-20
NDX241220C18500000,2024-10-21 18:36:37+00:00,18500.0,2124.49,2744.0,2773.3,0.0,0.0,4.0,132.0,0.34565912373542784,True,REGULAR,USD,2024-12-20
NDX241220C18525000,2024-10-21 18:36:37+00:00,18525.0,2102.27,2720.3,2750.1,0.0,0.0,2.0,0.0,0.34438407392501835,True,REGULAR,USD,2024-12-20
NDX241220C18550000,2024-07-25 14:40:22+00:00,18550.0,1473.3,1854.5,1869.5,0.0,0.0,2.0,2.0,1.0000000000000003e-05,True,REGULAR,USD,2024-12-20
NDX241220C18575000,2024-09-18 19:24:04+00:00,18575.0,1517.95,2063.3,2089.0,0.0,0.0,2.0,2.0,1.0000000000000003e-05,True,REGULAR,USD,2024-12-20
NDX241220C18600000,2024-09-11 19:07:17+00:00,18600.0,1334.44,2030.8,2058.1,0.0,0.0,10.0,102.0,1.0000000000000003e-05,True,REGULAR,USD,2024-12-20
NDX241220C18650000,2024-08-13 14:10:54+00:00,18650.0,1230.99,1479.8,1493.0,0.0,0.0,,2.0,1.0000000000000003e-05,True,REGULAR,USD,2024-12-20
NDX241220C18700000,2024-09-13 14:47:31+00:00,18700.0,1521.6,1945.6,1973.3,0.0,0.0,5.0,182.0,1.0000000000000003e-05,True,REGULAR,USD,2024-12-20
NDX241220C18725000,2024-09-13 14:48:44+00:00,18725.0,1501.15,1924.6,1952.2,0.0,0.0,2.0,1.0,1.0000000000000003e-05,True,REGULAR,USD,2024-12-20
NDX241220C18750000,2024-08-26 14:22:11+00:00,18750.0,1596.45,1741.2,1750.2,0.0,0.0,,1.0,1.0000000000000003e-05,True,REGULAR,USD,2024-12-20
NDX241220C18800000,2024-09-18 14:43:13+00:00,18800.0,1409.85,1867.9,1892.9,0.0,0.0,2.0,16.0,1.0000000000000003e-05,True,REGULAR,USD,2024-12-20
NDX241220C18825000,2024-09-06 16:38:35+00:00,18825.0,844.0,1707.4,1733.4,0.0,0.0,1.0,1.0,1.0000000000000003e-05,True,REGULAR,USD,2024-12-20
NDX241220C18875000,2024-07-25 14:40:52+00:00,18875.0,1273.5,1603.6,1631.3,0.0,0.0,1.0,1.0,1.0000000000000003e-05,True,REGULAR,USD,2024-12-20
NDX241220C18900000,2024-11-04 14:47:57+00:00,18900.0,1486.8,2360.8,2389.9,0.0,0.0,18.0,37.0,0.3159028752803802,True,REGULAR,USD,2024-12-20
NDX241220C18950000,2024-07-26 18:46:42+00:00,18950.0,1239.9,1554.1,1569.1,0.0,0.0,1.0,1.0,1.0000000000000003e-05,True,REGULAR,USD,2024-12-20
NDX241220C18975000,2024-07-31 13:35:21+00:00,18975.0,1322.0,1350.8,1370.8,0.0,0.0,1.0,2.0,1.0000000000000003e-05,True,REGULAR,USD,2024-12-20
NDX241220C19000000,2024-11-06 14:38:27+00:00,19000.0,1850.0,2265.3,2295.4,0.0,0.0,1.0,347.0,0.3089325394058227,True,REGULAR,USD,2024-12-20
NDX241220C19025000,2024-07-26 18:44:46+00:00,19025.0,1201.16,1495.3,1522.2,0.0,0.0,1.0,1.0,1.0000000000000003e-05,True,REGULAR,USD,2024-12-20
NDX241220C19050000,2024-10-16 13:30:47+00:00,19050.0,1595.52,2218.5,2247.3,0.0,0.0,1.0,1.0,0.30487564943313605,True,REGULAR,USD,2024-12-20
NDX241220C19075000,2024-08-05 13:30:52+00:00,19075.0,796.0,0.0,0.0,0.0,0.0,1.0,2.0,1.0000000000000003e-05,True,REGULAR,USD,2024-12-20
NDX241220C19100000,2024-11-05 20:44:52+00:00,19100.0,1441.94,2172.1,2198.8,0.0,0.0,1.0,32.0,0.3005526869869232,True,REGULAR,USD,2024-12-20
NDX241220C19125000,2024-10-31 19:29:44+00:00,19125.0,1299.55,2148.5,2177.1,0.0,0.0,1.0,3.0,0.29985937269210816,True,REGULAR,USD,2024-12-20
NDX241220C19200000,2024-11-04 14:59:38+00:00,19200.0,1255.35,2077.0,2104.9,0.0,0.0,12.0,319.0,0.293587119436264,True,REGULAR,USD,2024-12-20
NDX241220C19225000,2024-07-25 13:39:16+00:00,19225.0,1081.8,1355.5,1381.2,0.0,0.0,1.0,2.0,1.0000000000000003e-05,True,REGULAR,USD,2024-12-20
NDX241220C19250000,2024-11-06 15:31:30+00:00,19250.0,1628.78,2029.8,2058.0,0.0,0.0,1.0,20.0,0.29005379142761223,True,REGULAR,USD,2024-12-20
NDX241220C19275000,2024-07-25 13:38:39+00:00,19275.0,1062.6,1321.5,1346.8,0.0,0.0,1.0,2.0,1.0000000000000003e-05,True,REGULAR,USD,2024-12-20
NDX241220C19300000,2024-11-04 14:47:57+00:00,19300.0,1178.8,1984.8,2011.6,0.0,0.0,18.0,48.0,0.286742667312622,True,REGULAR,USD,2024-12-20
NDX241220C19325000,2024-09-06 15:52:09+00:00,19325.0,591.4,1324.8,1347.6,0.0,0.0,1.0,2.0,1.0000000000000003e-05,True,REGULAR,USD,2024-12-20
NDX241220C19350000,2024-10-16 13:30:47+00:00,19350.0,1369.0,1936.5,1966.3,0.0,0.0,1.0,2.0,0.28396559547424305,True,REGULAR,USD,2024-12-20
NDX241220C19400000,2024-11-04 15:11:33+00:00,19400.0,1108.9,1891.4,1918.6,0.0,0.0,12.0,123.0,0.2798295513248443,True,REGULAR,USD,2024-12-20
NDX241220C19425000,2024-09-11 19:13:29+00:00,19425.0,835.31,1365.6,1389.5,0.0,0.0,16.0,5.0,1.0000000000000003e-05,True,REGULAR,USD,2024-12-20
NDX241220C19450000,2024-11-07 19:35:06+00:00,19450.0,1839.15,1846.0,1871.4,0.0,0.0,1.0,3.0,0.27591475740432736,True,REGULAR,USD,2024-12-20
NDX241220C19475000,2024-09-12 18:03:47+00:00,19475.0,976.76,1327.4,1351.7,0.0,0.0,1.0,5.0,1.0000000000000003e-05,True,REGULAR,USD,2024-12-20
NDX241220C19500000,2024-10-24 16:56:01+00:00,19500.0,1214.3,1800.1,1825.7,0.0,0.0,1.0,842.0,0.2727276097106933,True,REGULAR,USD,2024-12-20
NDX241220C19525000,2024-09-13 14:20:59+00:00,19525.0,961.64,1290.1,1314.2,0.0,0.0,1.0,5.0,1.0000000000000003e-05,True,REGULAR,USD,2024-12-20
NDX241220C19550000,2024-09-25 19:59:47+00:00,19550.0,1142.8,1268.9,1279.5,0.0,0.0,1.0,4.0,1.0000000000000003e-05,True,REGULAR,USD,2024-12-20
NDX241220C19575000,2024-10-24 16:56:01+00:00,19575.0,1158.41,1729.9,1758.2,0.0,0.0,1.0,8.0,0.2683388443946838,True,REGULAR,USD,2024-12-20
NDX241220C19600000,2024-11-04 14:59:38+00:00,19600.0,965.55,1707.6,1735.6,0.0,0.0,12.0,64.0,0.2667834171390534,True,REGULAR,USD,2024-12-20
NDX241220C19625000,2024-10-30 16:38:38+00:00,19625.0,1315.43,1686.6,1711.8,0.0,0.0,4.0,70.0,0.2646119224357605,True,REGULAR,USD,2024-12-20
NDX241220C19650000,2024-10-30 16:36:59+00:00,19650.0,1298.05,1663.8,1688.8,0.0,0.0,2.0,12.0,0.26282284730911265,True,REGULAR,USD,2024-12-20
NDX241220C19675000,2024-10-30 16:37:39+00:00,19675.0,1275.31,1640.2,1666.7,0.0,0.0,4.0,39.0,0.26145719934463507,True,REGULAR,USD,2024-12-20
NDX241220C19700000,2024-11-08 17:34:32+00:00,19700.0,1620.09,1617.7,1643.2,138.23999,9.328879,2.0,48.0,0.25938774677276616,True,REGULAR,USD,2024-12-20
NDX241220C19725000,2024-10-30 16:39:26+00:00,19725.0,1250.28,1594.6,1620.8,0.0,0.0,2.0,3.0,0.25783518051147464,True,REGULAR,USD,2024-12-20
NDX241220C19750000,2024-11-06 15:31:30+00:00,19750.0,1203.78,1572.3,1598.3,0.0,0.0,1.0,45.0,0.25621204305648804,True,REGULAR,USD,2024-12-20
NDX241220C19775000,2024-10-30 16:40:54+00:00,19775.0,1212.35,1550.1,1575.8,0.0,0.0,3.0,68.0,0.25456792497634895,True,REGULAR,USD,2024-12-20
NDX241220C19800000,2024-11-06 15:08:10+00:00,19800.0,1129.15,1529.7,1555.6,0.0,0.0,1.0,22.0,0.2539842821311951,True,REGULAR,USD,2024-12-20
NDX241220C19825000,2024-11-01 19:53:36+00:00,19825.0,827.44,1505.8,1531.4,0.0,0.0,1.0,2.0,0.2514971243858337,True,REGULAR,USD,2024-12-20
NDX241220C19850000,2024-10-30 16:42:45+00:00,19850.0,1148.8,1485.4,1510.4,0.0,0.0,2.0,218.0,0.2504814713954925,True,REGULAR,USD,2024-12-20
NDX241220C19875000,2024-10-08 16:08:37+00:00,19875.0,947.65,1476.8,1504.4,0.0,0.0,6.0,3.0,0.25626449461936945,True,REGULAR,USD,2024-12-20
NDX241220C19900000,2024-10-31 18:15:11+00:00,19900.0,736.4,1441.8,1466.8,0.0,0.0,9.0,214.0,0.24762429171562195,True,REGULAR,USD,2024-12-20
NDX241220C19925000,2024-10-31 14:41:04+00:00,19925.0,777.7,1417.9,1443.3,0.0,0.0,1.0,6.0,0.245387947807312,True,REGULAR,USD,2024-12-20
NDX241220C19950000,2024-11-04 14:32:58+00:00,19950.0,724.7,1396.8,1422.2,0.0,0.0,1.0,30.0,0.2442130327987671,True,REGULAR,USD,2024-12-20
NDX241220C19975000,2024-10-31 18:33:13+00:00,19975.0,689.7,1376.4,1397.0,0.0,0.0,6.0,127.0,0.24118133246421813,True,REGULAR,USD,2024-12-20
NDX241220C20000000,2024-11-08 17:34:32+00:00,20000.0,1356.08,1353.6,1378.6,370.27997,37.561367,2.0,957.0,0.24115176885604855,True,REGULAR,USD,2024-12-20
NDX241220C20025000,2024-11-01 18:43:00+00:00,20025.0,709.8,1331.7,1356.3,0.0,0.0,2.0,13.0,0.2393626937294006,True,REGULAR,USD,2024-12-20
NDX241220C20050000,2024-11-04 17:57:51+00:00,20050.0,670.0,1310.3,1334.7,0.0,0.0,26.0,99.0,0.2378539960479736,True,REGULAR,USD,2024-12-20
NDX241220C20075000,2024-11-01 19:31:37+00:00,20075.0,685.6,1288.8,1313.3,0.0,0.0,4.0,74.0,0.23640442558288574,True,REGULAR,USD,2024-12-20
NDX241220C20100000,2024-11-06 18:41:13+00:00,20100.0,1005.83,1268.6,1291.8,0.0,0.0,1.0,684.0,0.23488189976215362,True,REGULAR,USD,2024-12-20
NDX241220C20125000,2024-11-04 20:13:43+00:00,20125.0,615.2,1248.6,1272.1,0.0,0.0,8.0,149.0,0.23409512631893153,True,REGULAR,USD,2024-12-20
NDX241220C20150000,2024-11-04 20:13:43+00:00,20150.0,600.9,1226.4,1249.9,0.0,0.0,2.0,98.0,0.23221497620582582,True,REGULAR,USD,2024-12-20
NDX241220C20175000,2024-11-04 20:13:43+00:00,20175.0,586.8,1204.6,1228.5,0.0,0.0,57.0,157.0,0.23064524397850034,True,REGULAR,USD,2024-12-20
NDX241220C20200000,2024-11-07 14:37:01+00:00,20200.0,1067.62,1184.1,1207.6,0.0,0.0,10.0,789.0,0.22925289340019228,True,REGULAR,USD,2024-12-20
NDX241220C20225000,2024-11-07 14:37:01+00:00,20225.0,1047.3,1163.5,1186.7,0.0,0.0,10.0,140.0,0.2278281182193756,True,REGULAR,USD,2024-12-20
NDX241220C20250000,2024-11-05 21:00:34+00:00,20250.0,633.64,1144.7,1163.6,0.0,0.0,10.0,80.0,0.22547065888404844,True,REGULAR,USD,2024-12-20
NDX241220C20275000,2024-11-05 21:02:49+00:00,20275.0,623.37,1122.5,1145.4,0.0,0.0,7.0,23.0,0.22508299415111538,True,REGULAR,USD,2024-12-20
NDX241220C20300000,2024-11-06 20:32:46+00:00,20300.0,894.85,1102.1,1124.9,0.0,0.0,3.0,141.0,0.223719730348587,True,REGULAR,USD,2024-12-20
NDX241220C20325000,2024-11-05 20:13:02+00:00,20325.0,580.6,1082.6,1104.6,0.0,0.0,3.0,26.0,0.2224003351259231,True,REGULAR,USD,2024-12-20
NDX241220C20350000,2024-11-05 17:33:40+00:00,20350.0,592.0,1069.8,1077.7,0.0,0.0,29.0,108.0,0.21842021516799923,True,REGULAR,USD,2024-12-20
NDX241220C20375000,2024-11-05 19:11:10+00:00,20375.0,551.55,1041.9,1064.2,0.0,0.0,2.0,37.0,0.21973150424003599,True,REGULAR,USD,2024-12-20
NDX241220C20400000,2024-11-07 19:21:33+00:00,20400.0,1010.85,1028.8,1037.5,0.0,0.0,4.0,310.0,0.21579286870002748,True,REGULAR,USD,2024-12-20
NDX241220C20425000,2024-11-07 15:58:49+00:00,20425.0,970.71,1002.4,1024.3,0.0,0.0,1.0,88.0,0.21710892609596255,True,REGULAR,USD,2024-12-20
NDX241220C20450000,2024-11-04 19:37:39+00:00,20450.0,457.3,989.9,998.0,0.0,0.0,2.0,119.0,0.21328329983234404,True,REGULAR,USD,2024-12-20
NDX241220C20475000,2024-11-04 18:50:02+00:00,20475.0,455.3,963.4,984.9,0.0,0.0,2.0,68.0,0.2145225872135162,True,REGULAR,USD,2024-12-20
NDX241220C20500000,2024-11-07 19:20:28+00:00,20500.0,935.84,951.6,959.1,0.0,0.0,3.0,397.0,0.21084096433162686,True,REGULAR,USD,2024-12-20
NDX241220C20525000,2024-11-07 16:59:06+00:00,20525.0,921.45,925.0,946.1,0.0,0.0,1.0,12.0,0.21200300486564636,True,REGULAR,USD,2024-12-20
NDX241220C20550000,2024-11-07 20:54:40+00:00,20550.0,919.1,914.3,921.3,0.0,0.0,1.0,146.0,0.20864515117645255,True,REGULAR,USD,2024-12-20
NDX241220C20575000,2024-11-05 14:48:45+00:00,20575.0,425.4,887.2,907.9,0.0,0.0,1.0,8.0,0.2095396887397766,True,REGULAR,USD,2024-12-20
NDX241220C20600000,2024-11-07 19:19:17+00:00,20600.0,864.85,875.8,882.3,0.0,0.0,6.0,177.0,0.20582230342864988,True,REGULAR,USD,2024-12-20
NDX241220C20625000,2024-11-04 19:37:40+00:00,20625.0,375.1,850.0,870.3,0.0,0.0,3.0,18.0,0.20712405585289,True,REGULAR,USD,2024-12-20
NDX241220C20650000,2024-11-07 16:57:11+00:00,20650.0,831.0,839.7,845.9,0.0,0.0,11.0,58.0,0.20378622912406918,True,REGULAR,USD,2024-12-20
NDX241220C20675000,2024-11-04 18:48:58+00:00,20675.0,361.9,814.2,831.3,0.0,0.0,3.0,16.0,0.20401415500640868,True,REGULAR,USD,2024-12-20
NDX241220C20700000,2024-11-07 19:18:06+00:00,20700.0,799.25,802.2,809.3,0.0,0.0,9.0,50.0,0.20148312868118287,True,REGULAR,USD,2024-12-20
NDX241220C20725000,2024-11-07 17:21:21+00:00,20725.0,765.97,778.3,795.0,0.0,0.0,1.0,37.0,0.20170914723396302,True,REGULAR,USD,2024-12-20
NDX241220C20750000,2024-11-06 16:24:19+00:00,20750.0,508.2,767.6,774.0,0.0,0.0,11.0,22.0,0.19945563735961913,True,REGULAR,USD,2024-12-20
NDX241220C20775000,2024-11-06 20:03:25+00:00,20775.0,565.13,743.0,761.5,0.0,0.0,6.0,38.0,0.20021380085945129,True,REGULAR,USD,2024-12-20
NDX241220C20800000,2024-11-07 19:30:54+00:00,20800.0,724.2,732.4,739.5,0.0,0.0,11.0,210.0,0.19750825387954712,True,REGULAR,USD,2024-12-20
NDX241220C20825000,2024-11-06 20:03:25+00:00,20825.0,535.64,708.6,724.9,0.0,0.0,5.0,7.0,0.1973990592622757,True,REGULAR,USD,2024-12-20
NDX241220C20850000,2024-11-07 19:12:36+00:00,20850.0,691.4,697.8,704.0,0.0,0.0,2.0,24.0,0.19499487035274504,True,REGULAR,USD,2024-12-20
NDX241220C20875000,2024-11-06 15:32:57+00:00,20875.0,469.6,675.1,690.7,0.0,0.0,1.0,12.0,0.19523185605049131,True,REGULAR,USD,2024-12-20
NDX241220C20900000,2024-11-07 19:28:54+00:00,20900.0,654.04,665.2,671.7,0.0,0.0,28.0,62.0,0.19339795867919923,True,REGULAR,USD,2024-12-20
NDX241220C20925000,2024-11-07 20:54:53+00:00,20925.0,659.1,642.3,654.9,0.0,0.0,1.0,120.0,0.19228598554611206,True,REGULAR,USD,2024-12-20
NDX241220C20950000,2024-11-07 19:13:29+00:00,20950.0,623.15,631.6,637.2,0.0,0.0,6.0,18.0,0.19080303681373595,True,REGULAR,USD,2024-12-20
NDX241220C20975000,2024-11-07 15:47:42+00:00,20975.0,581.6,615.7,621.1,0.0,0.0,1.0,18.0,0.189823623085022,True,REGULAR,USD,2024-12-20
NDX241220C21000000,2024-11-08 18:32:30+00:00,21000.0,605.9,600.1,605.3,16.0,2.712324,1.0,622.0,0.1888899852657318,True,REGULAR,USD,2024-12-20
NDX241220C21025000,2024-11-07 16:24:01+00:00,21025.0,553.12,584.7,588.3,0.0,0.0,5.0,102.0,0.18747951505661012,True,REGULAR,USD,2024-12-20
NDX241220C21050000,2024-11-06 17:06:45+00:00,21050.0,367.6,569.4,575.3,0.0,0.0,2.0,7.0,0.18739845355033874,True,REGULAR,USD,2024-12-20
NDX241220C21075000,2024-11-01 18:31:45+00:00,21075.0,221.81,553.5,559.0,0.0,0.0,2.0,6.0,0.18611005243301393,True,REGULAR,USD,2024-12-20
NDX241220C21100000,2024-11-08 19:50:09+00:00,21100.0,551.85,540.1,545.0,11.149963,2.0621347,11.0,65.0,0.1855569268608093,True,REGULAR,USD,2024-12-20
NDX241220C21125000,2024-11-06 20:06:15+00:00,21125.0,382.0,524.9,529.5,0.0,0.0,10.0,9.0,0.18442158894062038,False,REGULAR,USD,2024-12-20
NDX241220C21150000,2024-11-07 19:33:22+00:00,21150.0,511.8,509.7,514.7,0.0,0.0,11.0,17.0,0.18346553999900816,False,REGULAR,USD,2024-12-20
NDX241220C21175000,2024-11-07 19:52:39+00:00,21175.0,496.2,496.5,501.5,-4.399994,-0.87894404,1.0,82.0,0.18299824425697325,False,REGULAR,USD,2024-12-20
NDX241220C21200000,2024-11-08 19:15:24+00:00,21200.0,496.1,483.1,487.1,-5.399994,-1.0767685,31.0,82.0,0.1820512551307678,False,REGULAR,USD,2024-12-20
NDX241220C21225000,2024-11-08 18:20:26+00:00,21225.0,471.7,468.9,473.3,134.45001,39.86657,34.0,7.0,0.18124540839195252,False,REGULAR,USD,2024-12-20
NDX241220C21250000,2024-11-08 16:21:41+00:00,21250.0,436.6,455.4,460.1,-4.6999817,-1.065031,1.0,40.0,0.18058165770530699,False,REGULAR,USD,2024-12-20
NDX241220C21275000,2024-11-08 20:52:52+00:00,21275.0,442.2,442.3,445.9,141.70001,47.154747,5.0,7.0,0.17950306283950807,False,REGULAR,USD,2024-12-20
NDX241220C21300000,2024-11-08 17:14:41+00:00,21300.0,412.8,429.6,433.0,-27.700012,-6.2883115,1.0,64.0,0.17880784121513366,False,REGULAR,USD,2024-12-20
NDX241220C21325000,2024-11-08 20:59:05+00:00,21325.0,419.2,416.6,420.6,249.80002,147.46164,5.0,6.0,0.17821799954891204,False,REGULAR,USD,2024-12-20
NDX241220C21350000,2024-11-08 14:46:48+00:00,21350.0,392.9,404.8,406.8,-22.700012,-5.4619856,1.0,26.0,0.17707026398658754,False,REGULAR,USD,2024-12-20
NDX241220C21375000,2024-11-08 16:13:46+00:00,21375.0,378.6,392.0,395.6,103.80002,37.772934,1.0,17.0,0.17676175343036651,False,REGULAR,USD,2024-12-20
NDX241220C21400000,2024-11-08 17:18:56+00:00,21400.0,366.8,380.8,383.5,-27.800018,-7.045114,27.0,490.0,0.1760689159679413,False,REGULAR,USD,2024-12-20
NDX241220C21425000,2024-11-07 16:15:31+00:00,21425.0,348.0,369.1,372.6,0.0,0.0,1.0,36.0,0.17572845764160155,False,REGULAR,USD,2024-12-20
NDX241220C21450000,2024-11-07 16:18:27+00:00,21450.0,337.3,356.9,359.4,0.0,0.0,2.0,20.0,0.17450204473495484,False,REGULAR,USD,2024-12-20
NDX241220C21475000,2024-11-07 16:15:31+00:00,21475.0,326.9,346.2,349.4,0.0,0.0,5.0,20.0,0.17434039855480196,False,REGULAR,USD,2024-12-20
NDX241220C21500000,2024-11-08 19:07:22+00:00,21500.0,347.0,335.2,338.4,-9.100006,-2.5554636,155.0,270.0,0.17375198738574982,False,REGULAR,USD,2024-12-20
NDX241220C21525000,2024-11-07 19:41:26+00:00,21525.0,318.2,324.6,327.7,0.0,0.0,19.0,11.0,0.17319886181354524,False,REGULAR,USD,2024-12-20
NDX241220C21550000,2024-11-07 18:54:34+00:00,21550.0,312.1,313.2,317.8,0.0,0.0,1.0,8.0,0.17286317181110383,False,REGULAR,USD,2024-12-20
NDX241220C21575000,2024-11-06 16:26:09+00:00,21575.0,291.7,304.0,307.1,123.20001,73.11573,4.0,15.0,0.17216461236000064,False,REGULAR,USD,2024-12-20
NDX241220C21600000,2024-11-08 19:49:16+00:00,21600.0,304.3,293.9,297.1,10.5,3.57386,10.0,55.0,0.1716472492170334,False,REGULAR,USD,2024-12-20
NDX241220C21625000,2024-10-31 19:02:06+00:00,21625.0,90.2,284.4,287.3,0.0,0.0,,4.0,0.17112988607406615,False,REGULAR,USD,2024-12-20
NDX241220C21650000,2024-11-07 19:50:37+00:00,21650.0,287.2,274.2,278.3,0.0,0.0,2.0,1.0,0.17083711098670962,False,REGULAR,USD,2024-12-20
NDX241220C21675000,2024-11-08 15:01:06+00:00,21675.0,267.2,265.2,268.6,-10.599976,-3.8156862,2.0,6.0,0.17020864589691165,False,REGULAR,USD,2024-12-20
NDX241220C21700000,2024-11-07 20:50:17+00:00,21700.0,264.2,256.3,259.5,-4.399994,-1.6381212,1.0,82.0,0.16973085984230046,False,REGULAR,USD,2024-12-20
NDX241220C21725000,2024-11-08 19:50:09+00:00,21725.0,256.85,247.8,250.9,130.65001,103.52616,11.0,8.0,0.1693694208908081,False,REGULAR,USD,2024-12-20
NDX241220C21750000,2024-11-08 15:55:35+00:00,21750.0,229.4,239.2,243.1,102.899994,81.343864,1.0,8.0,0.1692449676370621,False,REGULAR,USD,2024-12-20
NDX241220C21775000,2024-11-06 15:16:03+00:00,21775.0,124.7,230.1,234.0,0.0,0.0,3.0,4.0,0.1685416398620606,False,REGULAR,USD,2024-12-20
NDX241220C21800000,2024-11-08 19:18:30+00:00,21800.0,231.2,223.3,226.5,9.199997,4.1441426,3.0,106.0,0.16839000716209412,False,REGULAR,USD,2024-12-20
NDX241220C21825000,2024-11-06 15:14:18+00:00,21825.0,116.5,215.3,218.1,0.0,0.0,10.0,8.0,0.16780731798172002,False,REGULAR,USD,2024-12-20
NDX241220C21850000,2024-11-07 19:49:37+00:00,21850.0,217.8,207.9,210.6,0.0,0.0,2.0,7.0,0.16750977457046512,False,REGULAR,USD,2024-12-20
NDX241220C21875000,2024-11-07 18:30:26+00:00,21875.0,194.4,200.2,203.2,0.0,0.0,1.0,7.0,0.16717885289192203,False,REGULAR,USD,2024-12-20
NDX241220C21900000,2024-11-08 18:35:28+00:00,21900.0,201.49,192.9,196.6,-1.4099884,-0.6949179,2.0,46.0,0.16710542070388798,False,REGULAR,USD,2024-12-20
NDX241220C21925000,2024-11-08 18:35:28+00:00,21925.0,194.21,185.8,188.9,8.210007,4.413982,1.0,9.0,0.16649984356880193,False,REGULAR,USD,2024-12-20
NDX241220C21950000,2024-11-07 15:46:18+00:00,21950.0,169.3,179.6,182.2,0.0,0.0,8.0,12.0,0.1662380625867844,False,REGULAR,USD,2024-12-20
NDX241220C21975000,2024-11-08 16:22:09+00:00,21975.0,163.1,172.5,176.0,-19.0,-10.433827,2.0,14.0,0.1661183776569367,False,REGULAR,USD,2024-12-20
NDX241220C22000000,2024-11-08 19:02:58+00:00,22000.0,176.3,166.1,169.2,-4.4799957,-2.478148,6.0,319.0,0.1656649100542069,False,REGULAR,USD,2024-12-20
NDX241220C22025000,2024-11-07 15:46:30+00:00,22025.0,152.3,160.4,163.4,0.0,0.0,1.0,4.0,0.16557669606208805,False,REGULAR,USD,2024-12-20
NDX241220C22050000,2024-11-08 18:41:49+00:00,22050.0,163.67,154.6,157.0,20.09999,14.000132,2.0,9.0,0.16514754691123967,False,REGULAR,USD,2024-12-20
NDX241220C22075000,2024-11-07 15:48:00+00:00,22075.0,156.4,148.5,151.3,12.789993,8.90606,1.0,6.0,0.16495967494964597,False,REGULAR,USD,2024-12-20
NDX241220C22100000,2024-11-08 18:41:49+00:00,22100.0,151.93,143.2,145.6,-4.6400146,-2.9635398,51.0,80.0,0.16469837080001828,False,REGULAR,USD,2024-12-20
NDX241220C22125000,2024-11-01 15:38:25+00:00,22125.0,46.4,137.6,139.5,0.0,0.0,3.0,11.0,0.1641719478416443,False,REGULAR,USD,2024-12-20
NDX241220C22150000,2024-11-07 15:07:38+00:00,22150.0,126.3,132.0,134.8,0.0,0.0,1.0,2.0,0.1642377507114411,False,REGULAR,USD,2024-12-20
NDX241220C22175000,2024-11-08 16:33:33+00:00,22175.0,122.25,127.0,130.0,0.05000305,0.04091903,1.0,5.0,0.16418911380767826,False,REGULAR,USD,2024-12-20
NDX241220C22200000,2024-11-08 18:14:14+00:00,22200.0,124.25,122.4,125.0,9.050003,7.8559055,207.0,84.0,0.16397263190269473,False,REGULAR,USD,2024-12-20
NDX241220C22225000,2024-11-07 15:05:52+00:00,22225.0,113.4,117.7,120.1,0.0,0.0,1.0,14.0,0.16373135471343997,False,REGULAR,USD,2024-12-20
NDX241220C22250000,2024-11-08 14:38:42+00:00,22250.0,116.35,113.1,115.4,46.15,65.740746,1.0,2.0,0.16351964113235476,False,REGULAR,USD,2024-12-20
NDX241220C22275000,2024-11-08 14:38:42+00:00,22275.0,111.95,108.7,111.3,8.75,8.4786825,1.0,3.0,0.1635492047405243,False,REGULAR,USD,2024-12-20
NDX241220C22300000,2024-11-05 15:25:31+00:00,22300.0,31.47,104.5,106.8,0.0,0.0,1.0,121.0,0.16329839090347292,False,REGULAR,USD,2024-12-20
NDX241220C22325000,2024-11-07 18:20:59+00:00,22325.0,100.7,100.4,102.5,0.0,0.0,30.0,192.0,0.16308095533370973,False,REGULAR,USD,2024-12-20
NDX241220C22350000,2024-11-07 15:35:34+00:00,22350.0,87.75,96.1,98.6,0.0,0.0,2.0,3.0,0.16301324513435364,False,REGULAR,USD,2024-12-20
NDX241220C22375000,2024-11-07 15:35:34+00:00,22375.0,84.45,92.5,94.8,0.0,0.0,1.0,2.0,0.16293409095764164,False,REGULAR,USD,2024-12-20
NDX241220C22400000,2024-11-08 18:44:01+00:00,22400.0,95.6,89.0,91.0,14.449997,17.806528,1.0,76.0,0.1627843655872345,False,REGULAR,USD,2024-12-20
NDX241220C22425000,2024-11-01 13:58:06+00:00,22425.0,25.95,85.2,87.0,0.0,0.0,2.0,2.0,0.16244199993133546,False,REGULAR,USD,2024-12-20
NDX241220C22500000,2024-11-08 19:35:48+00:00,22500.0,80.3,75.0,77.4,-2.5999985,-3.136307,40.0,108.0,0.16244867558479312,False,REGULAR,USD,2024-12-20
NDX241220C22525000,2024-11-01 13:58:06+00:00,22525.0,22.2,72.2,74.1,0.0,0.0,2.0,3.0,0.16225126697540282,False,REGULAR,USD,2024-12-20
NDX241220C22550000,2024-11-06 17:26:02+00:00,22550.0,36.6,69.1,70.9,0.0,0.0,2.0,3.0,0.16204622904777524,False,REGULAR,USD,2024-12-20
NDX241220C22575000,2024-10-28 17:48:00+00:00,22575.0,37.2,66.3,68.4,0.0,0.0,1.0,3.0,0.16224554498672486,False,REGULAR,USD,2024-12-20
NDX241220C22600000,2024-11-08 15:48:33+00:00,22600.0,60.56,63.4,65.6,27.060001,80.77612,1.0,43.0,0.16217878845214845,False,REGULAR,USD,2024-12-20
NDX241220C22625000,2024-11-07 17:34:07+00:00,22625.0,58.19,60.9,62.6,-4.510002,-7.192986,1.0,2.0,0.16189841100692748,False,REGULAR,USD,2024-12-20
NDX241220C22675000,2024-10-28 18:44:08+00:00,22675.0,31.5,55.8,57.9,0.0,0.0,,1.0,0.16207960731506346,False,REGULAR,USD,2024-12-20
NDX241220C22700000,2024-11-07 20:39:41+00:00,22700.0,59.8,53.6,55.3,0.0,0.0,15.0,67.0,0.16188315237045287,False,REGULAR,USD,2024-12-20
NDX241220C22775000,2024-10-28 17:26:46+00:00,22775.0,27.1,47.1,48.7,0.0,0.0,,2.0,0.1618354691314697,False,REGULAR,USD,2024-12-20
NDX241220C22800000,2024-11-07 14:38:17+00:00,22800.0,38.6,45.2,46.9,0.0,0.0,1.0,10.0,0.1620319240760803,False,REGULAR,USD,2024-12-20
NDX241220C22825000,2024-10-28 17:27:43+00:00,22825.0,24.9,43.1,44.7,0.0,0.0,9.0,9.0,0.16181830316543577,False,REGULAR,USD,2024-12-20
NDX241220C22900000,2024-10-28 17:25:25+00:00,22900.0,22.0,37.8,39.6,0.0,0.0,4.0,42.0,0.1621463638496399,False,REGULAR,USD,2024-12-20
NDX241220C23000000,2024-11-08 20:06:24+00:00,23000.0,33.6,31.8,33.2,0.8999977,2.7522864,6.0,120.0,0.16213682720184325,False,REGULAR,USD,2024-12-20
NDX241220C23025000,2024-10-25 17:21:17+00:00,23025.0,20.7,30.3,32.0,0.0,0.0,2.0,2.0,0.16241148265838623,False,REGULAR,USD,2024-12-20
NDX241220C23075000,2024-11-08 19:57:38+00:00,23075.0,29.91,27.8,29.4,8.01,36.575344,1.0,1.0,0.1625850496482849,False,REGULAR,USD,2024-12-20
NDX241220C23100000,2024-11-08 14:46:10+00:00,23100.0,27.35,26.6,28.0,17.7,183.41971,1.0,12.0,0.16246298055648806,False,REGULAR,USD,2024-12-20
NDX241220C23200000,2024-11-07 14:40:28+00:00,23200.0,22.7,22.2,23.6,1.2000008,5.581399,3.0,117.0,0.16286161243438724,False,REGULAR,USD,2024-12-20
NDX241220C23250000,2024-11-07 17:20:54+00:00,23250.0,23.91,20.3,21.7,0.0,0.0,1.0,2.0,0.16314008255004886,False,REGULAR,USD,2024-12-20
NDX241220C23300000,2024-11-07 19:58:09+00:00,23300.0,22.5,18.6,19.9,0.0,0.0,1.0,20.0,0.16335179613113407,False,REGULAR,USD,2024-12-20
NDX241220C23350000,2024-11-08 18:10:06+00:00,23350.0,17.9,16.9,18.3,-2.790001,-13.484779,1.0,5.0,0.16366459817886359,False,REGULAR,USD,2024-12-20
NDX241220C23400000,2024-11-06 15:40:59+00:00,23400.0,17.76,15.5,16.8,7.99,81.78096,1.0,10.0,0.16394116096496583,False,REGULAR,USD,2024-12-20
NDX241220C23500000,2024-11-08 14:57:41+00:00,23500.0,13.0,13.1,14.3,-3.0,-18.75,5.0,96.0,0.16481090324401856,False,REGULAR,USD,2024-12-20
NDX241220C23525000,2024-10-25 14:49:03+00:00,23525.0,10.5,12.4,13.6,0.0,0.0,1.0,1.0,0.16475749801635742,False,REGULAR,USD,2024-12-20
NDX241220C23600000,2024-10-31 15:52:25+00:00,23600.0,5.45,10.9,12.1,0.0,0.0,5.0,7.0,0.16554331779479983,False,REGULAR,USD,2024-12-20
NDX241220C24000000,2024-11-07 16:52:05+00:00,24000.0,6.9,5.6,6.7,-2.4,-25.806452,1.0,155.0,0.17054052124023442,False,REGULAR,USD,2024-12-20
NDX241220C24050000,2024-10-25 17:13:59+00:00,24050.0,5.65,5.2,6.3,0.0,0.0,2.0,2.0,0.17144078079223635,False,REGULAR,USD,2024-12-20
NDX241220C24200000,2024-10-30 19:17:00+00:00,24200.0,4.8,4.1,5.2,0.0,0.0,,3.0,0.1739279385375977,False,REGULAR,USD,2024-12-20
NDX241220C24500000,2024-11-08 15:30:27+00:00,24500.0,3.25,2.6,3.7,-1.04,-24.242424,1.0,40.0,0.17961940994262693,False,REGULAR,USD,2024-12-20
NDX241220C25000000,2024-11-08 15:30:27+00:00,25000.0,1.89,1.35,2.3,-0.58000004,-23.481783,3.0,43.0,0.1902089036560059,False,REGULAR,USD,2024-12-20
NDXP241227C20300000,2024-11-06 17:02:50+00:00,20300.0,852.5,1149.0,1161.8,0.0,0.0,2.0,2.0,0.22113339146614072,True,REGULAR,USD,2024-12-27
NDXP241227C20500000,2024-11-08 16:16:47+00:00,20500.0,973.48,992.5,1004.7,205.88,26.821262,2.0,5.0,0.21157099472045893,True,REGULAR,USD,2024-12-27
NDXP241227C20700000,2024-11-08 16:32:26+00:00,20700.0,836.75,844.8,856.2,399.45,91.34462,5.0,1.0,0.20263801672935483,True,REGULAR,USD,2024-12-27
NDXP241227C20900000,2024-11-08 20:02:00+00:00,20900.0,712.6,707.6,718.1,418.06998,141.94478,20.0,1.0,0.19447893770694735,True,REGULAR,USD,2024-12-27
NDXP241227C21000000,2024-11-07 15:08:32+00:00,21000.0,600.0,643.4,653.5,0.0,0.0,1.0,2.0,0.19072578996658326,True,REGULAR,USD,2024-12-27
NDXP241227C21500000,2024-11-01 19:52:32+00:00,21500.0,138.08,375.7,382.6,0.0,0.0,2.0,1.0,0.1757775713777542,False,REGULAR,USD,2024-12-27
NDXP241227C21700000,2024-10-31 13:40:34+00:00,21700.0,130.62,294.3,300.4,0.0,0.0,,1.0,0.17170494593620303,False,REGULAR,USD,2024-12-27
NDXP241227C21800000,2024-10-31 13:40:34+00:00,21800.0,112.9,258.9,264.8,0.0,0.0,,1.0,0.17005319853782658,False,REGULAR,USD,2024-12-27
NDXP241227C21900000,2024-10-31 16:33:12+00:00,21900.0,231.41,226.9,232.6,155.91,206.50331,1.0,1.0,0.16860935006141664,False,REGULAR,USD,2024-12-27
NDXP241227C22000000,2024-11-08 18:39:02+00:00,22000.0,212.9,198.2,203.6,0.3999939,0.18823242,4.0,2.0,0.16734574422836307,False,REGULAR,USD,2024-12-27
NDXP241231C12000000,2024-04-25 20:02:13+00:00,12000.0,5958.5,7165.6,7190.7,0.0,0.0,,1.0,1.0000000000000003e-05,True,REGULAR,USD,2024-12-31
NDXP241231C12800000,2024-04-26 13:31:53+00:00,12800.0,5260.0,6407.4,6432.1,0.0,0.0,1.0,1.0,1.0000000000000003e-05,True,REGULAR,USD,2024-12-31
NDXP241231C16500000,2024-06-05 17:57:58+00:00,16500.0,3190.95,4407.2,4430.6,0.0,0.0,18.0,4.0,1.0000000000000003e-05,True,REGULAR,USD,2024-12-31
NDXP241231C16800000,2024-10-18 17:31:53+00:00,16800.0,3756.44,4433.7,4464.5,0.0,0.0,1.0,1.0,0.45465823972702024,True,REGULAR,USD,2024-12-31
NDXP241231C16900000,2024-10-28 19:27:47+00:00,16900.0,3695.82,4335.5,4366.3,0.0,0.0,1.0,2.0,0.44703655080795285,True,REGULAR,USD,2024-12-31
NDXP241231C17000000,2024-10-28 19:27:47+00:00,17000.0,3600.78,4237.4,4268.2,0.0,0.0,2.0,13.0,0.4394739891052246,True,REGULAR,USD,2024-12-31
NDXP241231C17050000,2024-10-28 19:27:47+00:00,17050.0,3553.43,4188.4,4219.1,0.0,0.0,,1.0,0.43564407135009764,True,REGULAR,USD,2024-12-31
NDXP241231C17100000,2024-10-18 17:31:53+00:00,17100.0,3471.9,4139.4,4170.1,0.0,0.0,1.0,1.0,0.4318847247886658,True,REGULAR,USD,2024-12-31
NDXP241231C17300000,2024-02-01 16:56:14+00:00,17300.0,1614.13,2296.6,2322.7,0.0,0.0,,3.0,1.0000000000000003e-05,True,REGULAR,USD,2024-12-31
NDXP241231C17425000,2024-10-31 16:40:24+00:00,17425.0,2798.95,3821.5,3852.0,0.0,0.0,,1.0,0.4075624582481384,True,REGULAR,USD,2024-12-31
NDXP241231C17500000,2024-04-19 15:44:46+00:00,17500.0,1350.15,2044.9,2060.9,0.0,0.0,6.0,4.0,1.0000000000000003e-05,True,REGULAR,USD,2024-12-31
NDXP241231C17600000,2024-05-01 15:18:04+00:00,17600.0,1264.25,1936.9,1953.0,0.0,0.0,,3.0,1.0000000000000003e-05,True,REGULAR,USD,2024-12-31
NDXP241231C17700000,2024-06-06 20:02:11+00:00,17700.0,2239.02,3337.9,3360.4,0.0,0.0,,0.0,1.0000000000000003e-05,True,REGULAR,USD,2024-12-31
NDXP241231C17800000,2024-06-12 14:42:16+00:00,17800.0,2536.33,3283.2,3305.9,0.0,0.0,3.0,4.0,1.0000000000000003e-05,True,REGULAR,USD,2024-12-31
NDXP241231C17900000,2024-08-05 18:31:41+00:00,17900.0,1433.1,1773.2,1795.0,0.0,0.0,2.0,2.0,1.0000000000000003e-05,True,REGULAR,USD,2024-12-31
NDXP241231C18000000,2024-09-06 19:19:24+00:00,18000.0,1400.0,2442.7,2472.3,0.0,0.0,1.0,4.0,1.0000000000000003e-05,True,REGULAR,USD,2024-12-31
NDXP241231C18100000,2024-01-24 18:19:57+00:00,18100.0,1386.46,1524.2,1555.8,0.0,0.0,,0.0,1.0000000000000003e-05,True,REGULAR,USD,2024-12-31
NDXP241231C18200000,2024-08-20 13:57:24+00:00,18200.0,2287.25,2213.7,2260.4,0.0,0.0,1.0,11.0,1.0000000000000003e-05,True,REGULAR,USD,2024-12-31
NDXP241231C18400000,2024-09-04 13:39:31+00:00,18400.0,1395.43,0.0,0.0,0.0,0.0,1.0,5.0,1.0000000000000003e-05,True,REGULAR,USD,2024-12-31
NDXP241231C18500000,2024-10-31 20:02:43+00:00,18500.0,1852.74,2780.8,2810.2,0.0,0.0,5.0,12.0,0.3302107079696655,True,REGULAR,USD,2024-12-31
NDXP241231C18600000,2024-09-11 19:13:47+00:00,18600.0,1402.5,2077.9,2105.3,0.0,0.0,1.0,2.0,1.0000000000000003e-05,True,REGULAR,USD,2024-12-31
NDXP241231C18700000,2024-06-03 14:30:25+00:00,18700.0,1282.28,2238.0,2266.1,0.0,0.0,3.0,0.0,1.0000000000000003e-05,True,REGULAR,USD,2024-12-31
NDXP241231C18800000,2024-05-31 16:25:54+00:00,18800.0,993.3,1908.2,1937.2,0.0,0.0,1.0,1.0,1.0000000000000003e-05,True,REGULAR,USD,2024-12-31
NDXP241231C18900000,2024-10-28 14:00:24+00:00,18900.0,1904.2,2401.5,2430.1,0.0,0.0,20.0,10.0,0.30323439234733573,True,REGULAR,USD,2024-12-31
NDXP241231C19000000,2024-10-23 18:23:19+00:00,19000.0,1485.2,2307.8,2336.2,0.0,0.0,1.0,4.0,0.29673516687393187,True,REGULAR,USD,2024-12-31
NDXP241231C19100000,2024-09-18 15:49:00+00:00,19100.0,1176.65,1667.2,1690.3,0.0,0.0,14.0,9.0,1.0000000000000003e-05,True,REGULAR,USD,2024-12-31
NDXP241231C19200000,2024-09-24 15:26:17+00:00,19200.0,1394.6,1524.7,1542.6,0.0,0.0,2.0,17.0,1.0000000000000003e-05,True,REGULAR,USD,2024-12-31
NDXP241231C19300000,2024-09-24 15:24:28+00:00,19300.0,1319.52,1448.8,1463.1,0.0,0.0,2.0,3.0,1.0000000000000003e-05,True,REGULAR,USD,2024-12-31
NDXP241231C19400000,2024-11-06 14:48:32+00:00,19400.0,1502.7,1939.2,1966.1,0.0,0.0,2.0,12.0,0.27160037794113157,True,REGULAR,USD,2024-12-31
NDXP241231C19450000,2024-09-10 19:25:46+00:00,19450.0,722.36,1413.3,1429.5,0.0,0.0,,1.0,1.0000000000000003e-05,True,REGULAR,USD,2024-12-31
NDXP241231C19500000,2024-11-06 14:48:32+00:00,19500.0,1421.7,1848.5,1875.4,0.0,0.0,1.0,4.0,0.26561803877830503,True,REGULAR,USD,2024-12-31
NDXP241231C19600000,2024-10-10 14:44:38+00:00,19600.0,1311.9,1759.0,1785.4,0.0,0.0,5.0,21.0,0.2596871975135804,True,REGULAR,USD,2024-12-31
NDXP241231C19700000,2024-10-31 15:58:41+00:00,19700.0,943.6,1670.4,1696.5,0.0,0.0,2.0,67.0,0.25394708920478826,True,REGULAR,USD,2024-12-31
NDXP241231C19725000,2024-10-03 19:45:49+00:00,19725.0,953.5,976.8,995.1,0.0,0.0,,45.0,1.0000000000000003e-05,True,REGULAR,USD,2024-12-31
NDXP241231C19800000,2024-10-31 15:28:32+00:00,19800.0,900.33,1582.9,1608.5,0.0,0.0,8.0,21.0,0.24827850575447083,True,REGULAR,USD,2024-12-31
NDXP241231C19825000,2024-10-04 15:01:28+00:00,19825.0,998.67,849.4,861.0,0.0,0.0,4.0,4.0,1.0000000000000003e-05,True,REGULAR,USD,2024-12-31
NDXP241231C19875000,2024-10-31 19:52:35+00:00,19875.0,848.8,1518.0,1543.3,0.0,0.0,,3.0,0.2441357859516144,True,REGULAR,USD,2024-12-31
NDXP241231C19900000,2024-10-31 19:52:35+00:00,19900.0,833.0,1496.6,1521.7,0.0,0.0,35.0,51.0,0.24276536966323853,True,REGULAR,USD,2024-12-31
NDXP241231C19925000,2024-10-31 18:00:39+00:00,19925.0,786.98,1475.2,1500.2,0.0,0.0,,32.0,0.24141116567611692,True,REGULAR,USD,2024-12-31
NDXP241231C19950000,2024-10-07 17:24:01+00:00,19950.0,911.9,1228.6,1242.8,0.0,0.0,,8.0,0.13587671382904054,True,REGULAR,USD,2024-12-31
NDXP241231C19975000,2024-10-07 17:24:01+00:00,19975.0,896.4,1214.6,1232.1,0.0,0.0,,8.0,0.14168357867240905,True,REGULAR,USD,2024-12-31
NDXP241231C20000000,2024-11-08 15:46:07+00:00,20000.0,1383.5,1411.5,1436.2,594.13,75.26635,2.0,17.0,0.23740577360153195,True,REGULAR,USD,2024-12-31
NDXP241231C20025000,2024-09-16 15:08:00+00:00,20025.0,651.15,887.2,899.5,0.0,0.0,1.0,1.0,1.0000000000000003e-05,True,REGULAR,USD,2024-12-31
NDXP241231C20050000,2024-11-05 19:38:42+00:00,20050.0,817.5,1369.5,1393.9,0.0,0.0,1.0,2.0,0.23475649284362793,True,REGULAR,USD,2024-12-31
NDXP241231C20100000,2024-11-08 15:35:35+00:00,20100.0,1304.8,1327.9,1352.0,592.92004,83.28932,6.0,11.0,0.232157756319046,True,REGULAR,USD,2024-12-31
NDXP241231C20125000,2024-11-08 15:39:12+00:00,20125.0,1281.75,1307.2,1331.2,590.88,85.52695,6.0,2.0,0.23087507719039915,True,REGULAR,USD,2024-12-31
NDXP241231C20150000,2024-11-08 16:25:00+00:00,20150.0,1270.1,1286.6,1310.4,430.76996,51.323074,24.0,4.0,0.22956664911270142,True,REGULAR,USD,2024-12-31
NDXP241231C20175000,2024-11-08 15:46:34+00:00,20175.0,1240.9,1266.1,1289.8,507.02002,69.087585,24.0,2.0,0.22830495060920716,True,REGULAR,USD,2024-12-31
NDXP241231C20200000,2024-11-08 16:25:00+00:00,20200.0,1234.94,1245.8,1269.3,248.88995,25.24111,20.0,9.0,0.22705183508872984,True,REGULAR,USD,2024-12-31
NDXP241231C20225000,2024-11-07 14:30:24+00:00,20225.0,1089.29,1225.5,1248.9,0.0,0.0,3.0,6.0,0.22580634888648987,True,REGULAR,USD,2024-12-31
NDXP241231C20250000,2024-10-08 15:58:41+00:00,20250.0,794.07,1234.0,1246.8,0.0,0.0,46.0,29.0,0.23100763659477236,True,REGULAR,USD,2024-12-31
NDXP241231C20275000,2024-10-02 18:08:42+00:00,20275.0,678.3,638.9,649.0,0.0,0.0,4.0,6.0,1.0000000000000003e-05,True,REGULAR,USD,2024-12-31
NDXP241231C20300000,2024-11-08 15:34:05+00:00,20300.0,1155.6,1170.6,1184.7,122.599976,11.868342,2.0,11.0,0.22085015302658076,True,REGULAR,USD,2024-12-31
NDXP241231C20325000,2024-10-24 14:19:26+00:00,20325.0,700.05,1145.5,1168.2,0.0,0.0,1.0,2.0,0.22085873600959774,True,REGULAR,USD,2024-12-31
NDXP241231C20350000,2024-10-30 14:40:26+00:00,20350.0,883.8,1131.0,1144.8,0.0,0.0,1.0,5.0,0.21843070548057553,True,REGULAR,USD,2024-12-31
NDXP241231C20375000,2024-10-23 18:00:58+00:00,20375.0,566.3,1106.1,1128.6,0.0,0.0,2.0,6.0,0.21846694474220274,True,REGULAR,USD,2024-12-31
NDXP241231C20400000,2024-11-08 15:33:37+00:00,20400.0,1078.52,1091.7,1105.5,262.62,32.187767,2.0,37.0,0.21609422677040097,True,REGULAR,USD,2024-12-31
NDXP241231C20425000,2024-10-04 18:33:03+00:00,20425.0,644.55,506.6,515.0,0.0,0.0,1.0,7.0,1.0000000000000003e-05,True,REGULAR,USD,2024-12-31
NDXP241231C20450000,2024-10-29 13:47:54+00:00,20450.0,712.4,1053.0,1066.6,0.0,0.0,1.0,5.0,0.2137658542108536,True,REGULAR,USD,2024-12-31
NDXP241231C20475000,2024-10-24 14:25:35+00:00,20475.0,618.81,1029.0,1050.7,0.0,0.0,,0.0,0.21374773458003998,True,REGULAR,USD,2024-12-31
NDXP241231C20500000,2024-11-08 15:33:10+00:00,20500.0,1000.15,1014.9,1029.4,-2.0099487,-0.20056167,2.0,14.0,0.2118752137851715,True,REGULAR,USD,2024-12-31
NDXP241231C20525000,2024-11-06 14:33:24+00:00,20525.0,697.15,991.2,1012.6,0.0,0.0,1.0,2.0,0.2114751514101028,True,REGULAR,USD,2024-12-31
NDXP241231C20550000,2024-11-05 19:10:33+00:00,20550.0,519.1,977.1,990.4,0.0,0.0,15.0,12.0,0.20924309899330135,True,REGULAR,USD,2024-12-31
NDXP241231C20575000,2024-10-30 15:13:50+00:00,20575.0,709.8,953.9,974.9,0.0,0.0,1.0,4.0,0.20919636941909786,True,REGULAR,USD,2024-12-31
NDXP241231C20600000,2024-11-08 15:32:48+00:00,20600.0,921.1,940.0,953.1,160.54999,21.109722,2.0,11.0,0.20703584186077115,True,REGULAR,USD,2024-12-31
NDXP241231C20625000,2024-10-11 18:47:17+00:00,20625.0,667.93,917.2,938.4,0.0,0.0,,1.0,0.2071679244327545,True,REGULAR,USD,2024-12-31
NDXP241231C20650000,2024-10-02 13:51:00+00:00,20650.0,459.8,446.2,454.4,0.0,0.0,1.0,5.0,1.0000000000000003e-05,True,REGULAR,USD,2024-12-31
NDXP241231C20675000,2024-10-02 18:04:23+00:00,20675.0,488.3,434.7,442.7,0.0,0.0,3.0,5.0,0.020838038787841805,True,REGULAR,USD,2024-12-31
NDXP241231C20700000,2024-11-08 16:32:26+00:00,20700.0,858.85,867.6,880.3,-0.6300049,-0.073300704,4.0,14.0,0.20276199315071103,True,REGULAR,USD,2024-12-31
NDXP241231C20725000,2024-11-07 18:14:31+00:00,20725.0,830.38,845.9,865.6,0.0,0.0,1.0,7.0,0.20272098556518553,True,REGULAR,USD,2024-12-31
NDXP241231C20750000,2024-11-07 18:14:31+00:00,20750.0,813.24,832.3,844.8,0.0,0.0,1.0,6.0,0.20068252709865567,True,REGULAR,USD,2024-12-31
NDXP241231C20775000,2024-11-06 20:40:38+00:00,20775.0,637.73,810.9,830.4,0.0,0.0,2.0,4.0,0.20064914883136745,True,REGULAR,USD,2024-12-31
NDXP241231C20800000,2024-11-08 16:46:14+00:00,20800.0,779.6,797.8,809.9,-13.77002,-1.7356366,4.0,15.0,0.19863214782238,True,REGULAR,USD,2024-12-31
NDXP241231C20825000,2024-11-08 16:05:47+00:00,20825.0,759.04,777.0,795.9,175.23999,30.01713,4.0,6.0,0.19863596248149867,True,REGULAR,USD,2024-12-31
NDXP241231C20850000,2024-11-08 16:04:50+00:00,20850.0,734.16,763.7,775.7,252.65997,52.473515,16.0,1.0,0.19663660427093504,True,REGULAR,USD,2024-12-31
NDXP241231C20875000,2024-11-08 16:05:47+00:00,20875.0,725.84,743.5,762.1,380.04004,109.901695,4.0,4.0,0.19667475086212155,True,REGULAR,USD,2024-12-31
NDXP241231C20900000,2024-11-08 19:55:18+00:00,20900.0,743.98,730.5,742.3,20.380005,2.816474,32.0,12.0,0.1947206917285919,True,REGULAR,USD,2024-12-31
NDXP241231C20925000,2024-11-08 16:41:44+00:00,20925.0,704.15,710.9,729.0,-10.449951,-1.4623498,6.0,8.0,0.19475931515216824,True,REGULAR,USD,2024-12-31
NDXP241231C20950000,2024-11-08 16:41:47+00:00,20950.0,684.72,698.0,709.5,288.11996,72.64749,6.0,3.0,0.19281526949882505,True,REGULAR,USD,2024-12-31
NDXP241231C20975000,2024-11-08 16:43:54+00:00,20975.0,663.7,682.0,693.4,-19.700012,-2.8826473,8.0,7.0,0.19188783050060274,True,REGULAR,USD,2024-12-31
NDXP241231C21000000,2024-11-08 19:56:12+00:00,21000.0,679.33,666.3,677.5,10.390015,1.5532057,20.0,38.0,0.19097660380363465,True,REGULAR,USD,2024-12-31
NDXP241231C21025000,2024-11-08 15:57:19+00:00,21025.0,635.35,650.7,661.8,-18.350037,-2.8071036,2.0,6.0,0.19008015891075136,True,REGULAR,USD,2024-12-31
NDXP241231C21050000,2024-11-08 15:58:16+00:00,21050.0,618.9,635.4,646.4,175.50003,39.580524,2.0,7.0,0.18922948992729188,True,REGULAR,USD,2024-12-31
NDXP241231C21075000,2024-11-08 15:58:48+00:00,21075.0,604.2,620.3,631.1,269.7,80.62781,3.0,4.0,0.18836165497779844,True,REGULAR,USD,2024-12-31
NDXP241231C21100000,2024-11-08 15:59:47+00:00,21100.0,590.0,605.3,615.7,9.830017,1.6943339,2.0,14.0,0.18741466585159303,True,REGULAR,USD,2024-12-31
NDXP241231C21125000,2024-11-08 16:00:04+00:00,21125.0,571.9,590.5,601.1,204.54004,55.678368,2.0,3.0,0.18666508533477782,False,REGULAR,USD,2024-12-31
NDXP241231C21150000,2024-11-08 16:00:56+00:00,21150.0,554.62,576.0,586.4,-18.679993,-3.2583277,2.0,8.0,0.1858349201440811,False,REGULAR,USD,2024-12-31
NDXP241231C21175000,2024-11-08 16:01:21+00:00,21175.0,540.45,562.4,572.0,192.70001,55.413376,2.0,9.0,0.1850476698684692,False,REGULAR,USD,2024-12-31
NDXP241231C21200000,2024-11-08 16:02:57+00:00,21200.0,520.12,548.0,557.7,156.82,43.165432,4.0,16.0,0.18423943896770476,False,REGULAR,USD,2024-12-31
NDXP241231C21225000,2024-11-08 14:36:14+00:00,21225.0,515.2,533.8,543.7,144.40002,38.942833,3.0,11.0,0.18347269248485562,False,REGULAR,USD,2024-12-31
NDXP241231C21250000,2024-11-08 15:06:18+00:00,21250.0,509.0,520.1,529.9,166.5,48.61314,1.0,7.0,0.18271548264980314,False,REGULAR,USD,2024-12-31
NDXP241231C21275000,2024-11-06 17:36:04+00:00,21275.0,340.1,506.7,516.4,0.0,0.0,1.0,7.0,0.1819988035678864,False,REGULAR,USD,2024-12-31
NDXP241231C21300000,2024-10-28 13:45:51+00:00,21300.0,323.9,493.5,503.0,0.0,0.0,1.0,4.0,0.18125971336364746,False,REGULAR,USD,2024-12-31
NDXP241231C21325000,2024-10-25 14:19:08+00:00,21325.0,346.4,480.6,489.9,0.0,0.0,1.0,5.0,0.18055972341537474,False,REGULAR,USD,2024-12-31
NDXP241231C21350000,2024-11-06 17:03:01+00:00,21350.0,303.0,467.9,477.0,0.0,0.0,2.0,2.0,0.17986783961772917,False,REGULAR,USD,2024-12-31
NDXP241231C21375000,2024-10-21 17:12:05+00:00,21375.0,275.4,455.4,464.4,0.0,0.0,1.0,2.0,0.1792150560760498,False,REGULAR,USD,2024-12-31
NDXP241231C21400000,2024-11-06 17:36:04+00:00,21400.0,291.7,443.1,452.0,0.0,0.0,1.0,9.0,0.1785694250202179,False,REGULAR,USD,2024-12-31
NDXP241231C21425000,2024-10-25 14:10:25+00:00,21425.0,316.5,431.1,439.7,0.0,0.0,1.0,6.0,0.17790042917728421,False,REGULAR,USD,2024-12-31
NDXP241231C21450000,2024-11-07 14:58:29+00:00,21450.0,385.65,419.3,427.8,0.0,0.0,1.0,53.0,0.17730057403087615,False,REGULAR,USD,2024-12-31
NDXP241231C21475000,2024-10-30 14:31:57+00:00,21475.0,418.6,407.7,416.0,117.45001,39.000504,2.0,13.0,0.17667640043258667,False,REGULAR,USD,2024-12-31
NDXP241231C21500000,2024-11-07 15:12:14+00:00,21500.0,373.0,396.4,404.5,0.0,0.0,1.0,98.0,0.17609085025787358,False,REGULAR,USD,2024-12-31
NDXP241231C21525000,2024-10-31 18:35:39+00:00,21525.0,134.2,385.3,393.1,0.0,0.0,1.0,3.0,0.17547955113410948,False,REGULAR,USD,2024-12-31
NDXP241231C21550000,2024-11-04 14:37:23+00:00,21550.0,117.2,374.4,382.2,0.0,0.0,1.0,52.0,0.1749712478065491,False,REGULAR,USD,2024-12-31
NDXP241231C21575000,2024-10-31 13:43:34+00:00,21575.0,169.8,363.7,371.0,0.0,0.0,,1.0,0.1743089276170731,False,REGULAR,USD,2024-12-31
NDXP241231C21600000,2024-10-31 18:35:39+00:00,21600.0,120.5,353.3,360.8,0.0,0.0,2.0,18.0,0.17391077257156376,False,REGULAR,USD,2024-12-31
NDXP241231C21625000,2024-10-31 18:52:04+00:00,21625.0,118.2,343.1,350.4,0.0,0.0,8.0,13.0,0.17339102526664735,False,REGULAR,USD,2024-12-31
NDXP241231C21650000,2024-11-06 14:57:31+00:00,21650.0,184.25,333.0,340.2,0.0,0.0,2.0,24.0,0.1728779536151886,False,REGULAR,USD,2024-12-31
NDXP241231C21675000,2024-11-07 16:56:08+00:00,21675.0,331.93,323.2,330.3,0.0,0.0,4.0,14.0,0.17240493588447575,False,REGULAR,USD,2024-12-31
NDXP241231C21700000,2024-11-05 19:36:30+00:00,21700.0,117.79,313.6,320.7,0.0,0.0,2.0,30.0,0.17197292573928838,False,REGULAR,USD,2024-12-31
NDXP241231C21725000,2024-10-31 17:50:25+00:00,21725.0,104.2,304.2,311.2,0.0,0.0,14.0,14.0,0.1715156434774399,False,REGULAR,USD,2024-12-31
NDXP241231C21750000,2024-10-31 18:50:43+00:00,21750.0,97.0,295.0,302.0,0.0,0.0,20.0,19.0,0.17110032246589663,False,REGULAR,USD,2024-12-31
NDXP241231C21775000,2024-10-31 17:33:49+00:00,21775.0,97.5,286.0,292.4,0.0,0.0,30.0,29.0,0.17049045383930211,False,REGULAR,USD,2024-12-31
NDXP241231C21800000,2024-11-05 19:36:30+00:00,21800.0,100.88,277.3,284.1,0.0,0.0,10.0,24.0,0.17026252795696264,False,REGULAR,USD,2024-12-31
NDXP241231C21825000,2024-11-08 19:11:12+00:00,21825.0,280.45,268.7,274.4,137.55002,96.25614,2.0,17.0,0.16949530464172366,False,REGULAR,USD,2024-12-31
NDXP241231C21850000,2024-11-08 19:11:12+00:00,21850.0,272.3,260.4,267.1,134.4,97.46193,5.0,18.0,0.16949721197128298,False,REGULAR,USD,2024-12-31
NDXP241231C21875000,2024-10-31 14:29:52+00:00,21875.0,92.5,252.2,257.9,0.0,0.0,5.0,13.0,0.16877910239219668,False,REGULAR,USD,2024-12-31
NDXP241231C21900000,2024-11-07 14:42:43+00:00,21900.0,219.34,244.3,250.9,0.0,0.0,15.0,20.0,0.16877528773307804,False,REGULAR,USD,2024-12-31
NDXP241231C21925000,2024-11-06 14:57:41+00:00,21925.0,124.7,236.6,243.0,0.0,0.0,3.0,12.0,0.16839620598316196,False,REGULAR,USD,2024-12-31
NDXP241231C21950000,2024-11-08 15:51:00+00:00,21950.0,220.1,229.0,235.5,-21.399994,-8.861281,5.0,22.0,0.1681020003986359,False,REGULAR,USD,2024-12-31
NDXP241231C21975000,2024-11-07 14:30:20+00:00,21975.0,177.14,221.7,228.0,0.0,0.0,1.0,15.0,0.1677481907653809,False,REGULAR,USD,2024-12-31
NDXP241231C22000000,2024-11-08 16:21:54+00:00,22000.0,205.5,214.5,219.2,-21.699997,-9.551055,4.0,110.0,0.16685269953727724,False,REGULAR,USD,2024-12-31
NDXP241231C22100000,2024-11-08 15:56:12+00:00,22100.0,180.35,187.7,192.1,-19.549988,-9.779884,3.0,42.0,0.1656606185626984,False,REGULAR,USD,2024-12-31
NDXP241231C22200000,2024-11-08 15:56:12+00:00,22200.0,157.4,163.6,167.7,-23.100006,-12.797787,3.0,84.0,0.16457057971954347,False,REGULAR,USD,2024-12-31
NDXP241231C22300000,2024-11-08 18:44:06+00:00,22300.0,152.4,142.2,146.2,58.399994,62.127655,58.0,119.0,0.1637332620429993,False,REGULAR,USD,2024-12-31
NDXP241231C22400000,2024-11-08 18:18:42+00:00,22400.0,126.5,123.2,128.0,45.0,55.214725,50.0,9.0,0.16343953329086308,False,REGULAR,USD,2024-12-31
NDXP241231C22500000,2024-11-08 19:05:57+00:00,22500.0,112.65,106.5,111.1,42.25,60.014202,39.0,23.0,0.16286828808784487,False,REGULAR,USD,2024-12-31
NDXP241231C22600000,2024-11-06 20:18:02+00:00,22600.0,65.7,91.8,96.5,0.0,0.0,1.0,1.0,0.1625640690231323,False,REGULAR,USD,2024-12-31
NDXP241231C22700000,2024-11-07 14:57:13+00:00,22700.0,75.0,78.9,82.6,0.0,0.0,1.0,9.0,0.16173533432960513,False,REGULAR,USD,2024-12-31
NDXP241231C22800000,2024-11-08 15:14:26+00:00,22800.0,65.5,67.7,71.1,3.7999992,6.158832,4.0,6.0,0.16140250532150266,False,REGULAR,USD,2024-12-31
NDXP241231C22900000,2024-10-15 13:39:43+00:00,22900.0,60.5,58.2,62.2,0.0,0.0,1.0,7.0,0.16193274293899537,False,REGULAR,USD,2024-12-31
NDXP241231C23000000,2024-11-08 19:05:57+00:00,23000.0,54.04,49.6,53.1,29.04,116.16,41.0,33.0,0.16153983304977412,False,REGULAR,USD,2024-12-31
NDXP241231C23100000,2024-11-01 15:21:17+00:00,23100.0,15.2,42.4,46.0,0.0,0.0,3.0,4.0,0.16186789373397825,False,REGULAR,USD,2024-12-31
NDXP241231C23200000,2024-11-08 20:15:01+00:00,23200.0,37.95,36.3,39.4,8.85,30.412373,6.0,11.0,0.16186217174530027,False,REGULAR,USD,2024-12-31
NDXP241231C23300000,2024-11-07 17:22:39+00:00,23300.0,35.91,31.0,33.9,0.0,0.0,1.0,5.0,0.16211775390625,False,REGULAR,USD,2024-12-31
NDXP241231C23400000,2024-11-07 17:22:39+00:00,23400.0,31.35,26.5,29.3,0.0,0.0,1.0,27.0,0.1625984009552002,False,REGULAR,USD,2024-12-31
NDXP241231C23500000,2024-10-21 14:05:27+00:00,23500.0,16.4,22.5,25.3,0.0,0.0,1.0,27.0,0.16309812129974366,False,REGULAR,USD,2024-12-31
NDXP241231C24000000,2024-11-07 14:35:43+00:00,24000.0,10.4,10.3,12.4,0.0,0.0,1.0,8.0,0.16670297416687016,False,REGULAR,USD,2024-12-31
NDXP241231C24500000,2024-11-07 14:35:43+00:00,24500.0,5.71,4.8,6.6,0.0,0.0,2.0,21.0,0.17253940261840822,False,REGULAR,USD,2024-12-31
NDX250117C12400000,2024-10-17 17:20:07+00:00,12400.0,8072.0,8827.1,8862.0,0.0,0.0,,1.0,0.7586064636421205,True,REGULAR,USD,2025-01-17
NDX250117C13000000,2024-09-05 19:43:16+00:00,13000.0,6172.57,7213.0,7249.6,0.0,0.0,,0.0,1.0000000000000003e-05,True,REGULAR,USD,2025-01-17
NDX250117C13600000,2024-03-06 18:50:49+00:00,13600.0,5149.7,5154.4,5185.8,0.0,0.0,1.0,1.0,1.0000000000000003e-05,True,REGULAR,USD,2025-01-17
NDX250117C14000000,2024-10-23 19:37:52+00:00,14000.0,6246.25,7248.2,7281.2,0.0,0.0,1.0,0.0,0.6315153731155395,True,REGULAR,USD,2025-01-17
NDX250117C14100000,2024-10-23 19:37:52+00:00,14100.0,6148.6,7149.3,7182.5,0.0,0.0,1.0,0.0,0.6237220245361328,True,REGULAR,USD,2025-01-17
NDX250117C14500000,2024-08-06 13:30:20+00:00,14500.0,4080.8,0.0,0.0,0.0,0.0,,1.0,1.0000000000000003e-05,True,REGULAR,USD,2025-01-17
NDX250117C14600000,2024-08-06 13:30:20+00:00,14600.0,3995.2,0.0,0.0,0.0,0.0,,1.0,1.0000000000000003e-05,True,REGULAR,USD,2025-01-17
NDX250117C15500000,2024-01-11 15:05:14+00:00,15500.0,2554.0,3480.5,3508.3,0.0,0.0,2.0,0.0,1.0000000000000003e-05,True,REGULAR,USD,2025-01-17
NDX250117C15800000,2024-11-04 17:59:46+00:00,15800.0,4435.07,5475.4,5507.4,0.0,0.0,1.0,2.0,0.5096799291896821,True,REGULAR,USD,2025-01-17
NDX250117C15900000,2024-02-28 14:31:22+00:00,15900.0,3092.9,3339.2,3375.2,0.0,0.0,,1.0,1.0000000000000003e-05,True,REGULAR,USD,2025-01-17
NDX250117C16000000,2024-11-05 20:41:56+00:00,16000.0,4420.27,5281.1,5312.5,0.0,0.0,1.0,7.0,0.49612263068199164,True,REGULAR,USD,2025-01-17
NDX250117C16025000,2024-08-16 15:48:10+00:00,16025.0,3939.4,3867.7,3901.4,0.0,0.0,4.0,4.0,1.0000000000000003e-05,True,REGULAR,USD,2025-01-17
NDX250117C16300000,2024-03-13 19:28:33+00:00,16300.0,2930.1,2836.5,2866.3,0.0,0.0,,1.0,1.0000000000000003e-05,True,REGULAR,USD,2025-01-17
NDX250117C16450000,2024-11-08 17:29:48+00:00,16450.0,4836.1,4840.6,4873.0,1293.05,36.495396,2.0,110.0,0.46471654215812686,True,REGULAR,USD,2025-01-17
NDX250117C16475000,2024-11-08 17:29:48+00:00,16475.0,4811.52,4813.9,4847.2,1288.02,36.55513,2.0,110.0,0.4620748907184602,True,REGULAR,USD,2025-01-17
NDX250117C16500000,2024-05-21 13:30:18+00:00,16500.0,2962.33,0.0,0.0,0.0,0.0,1.0,0.0,1.0000000000000003e-05,True,REGULAR,USD,2025-01-17
NDX250117C16700000,2024-06-12 14:31:33+00:00,16700.0,3535.17,4322.6,4345.7,0.0,0.0,18.0,18.0,1.0000000000000003e-05,True,REGULAR,USD,2025-01-17
NDX250117C16800000,2024-05-30 15:00:59+00:00,16800.0,2707.02,3599.7,3634.5,0.0,0.0,1.0,2.0,1.0000000000000003e-05,True,REGULAR,USD,2025-01-17
NDX250117C16900000,2024-02-20 16:24:29+00:00,16900.0,2117.89,2660.8,2689.9,0.0,0.0,1.0,1.0,1.0000000000000003e-05,True,REGULAR,USD,2025-01-17
NDX250117C16950000,2024-11-07 17:48:30+00:00,16950.0,4331.38,4353.5,4385.7,0.0,0.0,,16.0,0.4300651323890686,True,REGULAR,USD,2025-01-17
NDX250117C17000000,2024-09-18 16:09:08+00:00,17000.0,2891.3,3625.1,3653.7,0.0,0.0,1.0,7.0,1.0000000000000003e-05,True,REGULAR,USD,2025-01-17
NDX250117C17025000,2024-09-18 16:09:08+00:00,17025.0,2869.8,3601.7,3630.3,0.0,0.0,,1.0,1.0000000000000003e-05,True,REGULAR,USD,2025-01-17
NDX250117C17050000,2024-08-26 18:11:47+00:00,17050.0,2994.53,3356.0,3394.8,0.0,0.0,1.0,1.0,1.0000000000000003e-05,True,REGULAR,USD,2025-01-17
NDX250117C17125000,2024-08-26 18:11:47+00:00,17125.0,2930.23,3288.4,3326.6,0.0,0.0,1.0,1.0,1.0000000000000003e-05,True,REGULAR,USD,2025-01-17
NDX250117C17200000,2024-04-23 13:57:15+00:00,17200.0,1654.57,0.0,0.0,0.0,0.0,2.0,0.0,1.0000000000000003e-05,True,REGULAR,USD,2025-01-17
NDX250117C17300000,2024-04-25 17:39:15+00:00,17300.0,1607.0,2470.5,2484.9,0.0,0.0,,2.0,1.0000000000000003e-05,True,REGULAR,USD,2025-01-17
NDX250117C17400000,2024-04-25 17:39:15+00:00,17400.0,1546.0,2393.0,2407.1,0.0,0.0,,2.0,1.0000000000000003e-05,True,REGULAR,USD,2025-01-17
NDX250117C17425000,2024-08-06 13:48:23+00:00,17425.0,1820.3,0.0,0.0,0.0,0.0,,1.0,1.0000000000000003e-05,True,REGULAR,USD,2025-01-17
NDX250117C17475000,2024-08-06 13:30:56+00:00,17475.0,1812.9,0.0,0.0,0.0,0.0,,2.0,1.0000000000000003e-05,True,REGULAR,USD,2025-01-17
NDX250117C17500000,2024-06-05 15:35:17+00:00,17500.0,2410.57,3582.2,3606.7,0.0,0.0,1.0,8.0,1.0000000000000003e-05,True,REGULAR,USD,2025-01-17
NDX250117C17600000,2024-06-05 15:35:17+00:00,17600.0,2334.15,3495.7,3519.3,0.0,0.0,1.0,1.0,0.15711292114257813,True,REGULAR,USD,2025-01-17
NDX250117C17700000,2024-11-07 19:01:23+00:00,17700.0,3594.07,3627.7,3658.7,0.0,0.0,1.0,3.0,0.3790288080406189,True,REGULAR,USD,2025-01-17
NDX250117C17775000,2024-05-03 18:07:38+00:00,17775.0,1552.25,1884.4,1901.0,0.0,0.0,2.0,1.0,1.0000000000000003e-05,True,REGULAR,USD,2025-01-17
NDX250117C17800000,2024-03-18 13:30:52+00:00,17800.0,1877.62,1452.5,1475.3,0.0,0.0,1.0,1.0,1.0000000000000003e-05,True,REGULAR,USD,2025-01-17
NDX250117C17825000,2024-08-26 18:25:09+00:00,17825.0,2384.28,2668.6,2704.1,0.0,0.0,,1.0,1.0000000000000003e-05,True,REGULAR,USD,2025-01-17
NDX250117C17900000,2024-08-26 18:25:09+00:00,17900.0,2324.12,2603.9,2639.0,0.0,0.0,2.0,2.0,1.0000000000000003e-05,True,REGULAR,USD,2025-01-17
NDX250117C17925000,2024-10-01 13:42:46+00:00,17925.0,2498.57,2508.5,2533.9,0.0,0.0,,0.0,1.0000000000000003e-05,True,REGULAR,USD,2025-01-17
NDX250117C17950000,2024-10-03 17:49:35+00:00,17950.0,2370.15,2486.7,2512.1,0.0,0.0,,1.0,1.0000000000000003e-05,True,REGULAR,USD,2025-01-17
NDX250117C18000000,2024-11-04 16:36:35+00:00,18000.0,2411.0,3340.1,3369.7,0.0,0.0,1.0,165.0,0.3588959908771515,True,REGULAR,USD,2025-01-17
NDX250117C18025000,2024-10-08 14:24:20+00:00,18025.0,2490.19,0.0,0.0,0.0,0.0,1.0,1.0,1.0000000000000003e-05,True,REGULAR,USD,2025-01-17
NDX250117C18050000,2024-10-09 13:36:04+00:00,18050.0,2530.37,0.0,0.0,0.0,0.0,,0.0,1.0000000000000003e-05,True,REGULAR,USD,2025-01-17
NDX250117C18100000,2024-10-10 13:35:29+00:00,18100.0,2533.9,3244.8,3275.3,0.0,0.0,,1.0,0.35300138887405397,True,REGULAR,USD,2025-01-17
NDX250117C18150000,2024-10-11 13:38:27+00:00,18150.0,2501.21,3197.2,3227.6,0.0,0.0,,1.0,0.34978372390747065,True,REGULAR,USD,2025-01-17
NDX250117C18175000,2024-10-14 13:40:00+00:00,18175.0,2669.04,3173.4,3203.8,0.0,0.0,1.0,1.0,0.348192057390213,True,REGULAR,USD,2025-01-17
NDX250117C18200000,2024-08-08 17:07:19+00:00,18200.0,1408.94,1320.1,1332.8,0.0,0.0,2.0,2.0,1.0000000000000003e-05,True,REGULAR,USD,2025-01-17
NDX250117C18225000,2024-10-15 16:26:19+00:00,18225.0,2452.53,3123.5,3155.2,0.0,0.0,1.0,2.0,0.34452903097152704,True,REGULAR,USD,2025-01-17
NDX250117C18275000,2024-10-16 13:41:32+00:00,18275.0,2342.6,3078.6,3108.8,0.0,0.0,1.0,3.0,0.341868306236267,True,REGULAR,USD,2025-01-17
NDX250117C18300000,2024-05-21 17:20:48+00:00,18300.0,1658.1,2448.1,2469.7,0.0,0.0,1.0,2.0,1.0000000000000003e-05,True,REGULAR,USD,2025-01-17
NDX250117C18325000,2024-10-17 16:23:31+00:00,18325.0,2423.03,3031.2,3061.4,0.0,0.0,,1.0,0.33872121246337883,True,REGULAR,USD,2025-01-17
NDX250117C18375000,2024-10-18 13:39:24+00:00,18375.0,2382.83,2984.0,3014.1,0.0,0.0,1.0,0.0,0.335598913974762,True,REGULAR,USD,2025-01-17
NDX250117C18400000,2024-11-08 17:51:55+00:00,18400.0,2965.53,2958.0,2989.4,1419.38,91.80093,1.0,52.0,0.333558071346283,True,REGULAR,USD,2025-01-17
NDX250117C18425000,2024-10-22 13:57:55+00:00,18425.0,2323.34,2936.9,2966.8,0.0,0.0,1.0,2.0,0.3324537275314331,True,REGULAR,USD,2025-01-17
NDX250117C18475000,2024-10-23 13:35:27+00:00,18475.0,2258.18,2887.4,2918.5,0.0,0.0,1.0,1.0,0.32884506000518793,True,REGULAR,USD,2025-01-17
NDX250117C18500000,2024-11-08 17:51:55+00:00,18500.0,2871.32,2863.9,2895.1,999.65,53.40952,2.0,0.0,0.32736497226715094,True,REGULAR,USD,2025-01-17
NDX250117C18525000,2024-10-24 14:01:56+00:00,18525.0,2147.63,2840.4,2871.6,0.0,0.0,,0.0,0.3258343402957916,True,REGULAR,USD,2025-01-17
NDX250117C18550000,2024-11-08 17:51:55+00:00,18550.0,2824.4,2819.5,2849.6,1203.7999,74.28113,1.0,1.0,0.32494743205070487,True,REGULAR,USD,2025-01-17
NDX250117C18575000,2024-10-28 13:43:06+00:00,18575.0,2298.2,2793.8,2823.9,0.0,0.0,1.0,1.0,0.32245073765754695,True,REGULAR,USD,2025-01-17
NDX250117C18600000,2024-08-12 14:45:21+00:00,18600.0,1281.64,1245.0,1254.8,0.0,0.0,16.0,8.0,1.0000000000000003e-05,True,REGULAR,USD,2025-01-17
NDX250117C18625000,2024-10-28 14:20:18+00:00,18625.0,2265.07,2748.4,2777.8,0.0,0.0,,1.0,0.3197327930355071,True,REGULAR,USD,2025-01-17
NDX250117C18700000,2024-09-13 15:01:11+00:00,18700.0,1657.45,2087.6,2115.1,0.0,0.0,7.0,7.0,1.0000000000000003e-05,True,REGULAR,USD,2025-01-17
NDX250117C18725000,2024-09-13 14:48:44+00:00,18725.0,1638.55,2067.1,2094.5,0.0,0.0,2.0,2.0,1.0000000000000003e-05,True,REGULAR,USD,2025-01-17
NDX250117C18750000,2024-11-01 17:57:54+00:00,18750.0,1820.55,2633.0,2662.2,0.0,0.0,1.0,3.0,0.31264229539871213,True,REGULAR,USD,2025-01-17
NDX250117C18775000,2024-09-11 14:14:46+00:00,18775.0,1125.6,2026.9,2056.7,0.0,0.0,,1.0,1.0000000000000003e-05,True,REGULAR,USD,2025-01-17
NDX250117C18800000,2024-09-13 15:00:35+00:00,18800.0,1576.69,2005.9,2033.1,0.0,0.0,2.0,6.0,1.0000000000000003e-05,True,REGULAR,USD,2025-01-17
NDX250117C18850000,2024-11-08 20:59:13+00:00,18850.0,2554.28,2540.4,2567.7,813.4601,46.728558,1.0,2.0,0.3060009738731384,True,REGULAR,USD,2025-01-17
NDX250117C18900000,2024-09-18 15:35:24+00:00,18900.0,1419.75,1930.6,1954.8,0.0,0.0,4.0,6.0,1.0000000000000003e-05,True,REGULAR,USD,2025-01-17
NDX250117C18925000,2024-08-26 19:01:16+00:00,18925.0,1583.22,1764.9,1794.5,0.0,0.0,2.0,1.0,1.0000000000000003e-05,True,REGULAR,USD,2025-01-17
NDX250117C19000000,2024-10-01 15:30:41+00:00,19000.0,1499.35,1619.6,1641.8,0.0,0.0,3.0,167.0,1.0000000000000003e-05,True,REGULAR,USD,2025-01-17
NDX250117C19025000,2024-10-24 16:38:45+00:00,19025.0,1735.02,2377.5,2407.3,0.0,0.0,13.0,21.0,0.29609144314765934,True,REGULAR,USD,2025-01-17
NDX250117C19050000,2024-09-13 15:06:57+00:00,19050.0,1416.38,1816.7,1827.8,0.0,0.0,,1.0,1.0000000000000003e-05,True,REGULAR,USD,2025-01-17
NDX250117C19100000,2024-10-16 19:52:23+00:00,19100.0,1691.25,2311.6,2340.4,0.0,0.0,5.0,17.0,0.2924131580924987,True,REGULAR,USD,2025-01-17
NDX250117C19125000,2024-09-12 16:43:13+00:00,19125.0,1240.55,1747.4,1773.3,0.0,0.0,,1.0,1.0000000000000003e-05,True,REGULAR,USD,2025-01-17
NDX250117C19150000,2024-09-12 16:33:09+00:00,19150.0,1224.8,1738.4,1749.4,0.0,0.0,,1.0,1.0000000000000003e-05,True,REGULAR,USD,2025-01-17
NDX250117C19175000,2024-09-12 16:34:25+00:00,19175.0,1210.9,1708.6,1734.4,0.0,0.0,,1.0,1.0000000000000003e-05,True,REGULAR,USD,2025-01-17
NDX250117C19200000,2024-09-18 15:34:12+00:00,19200.0,1224.81,1694.2,1705.9,0.0,0.0,6.0,31.0,1.0000000000000003e-05,True,REGULAR,USD,2025-01-17
NDX250117C19225000,2024-09-12 16:37:16+00:00,19225.0,1175.42,1670.1,1695.7,0.0,0.0,,2.0,1.0000000000000003e-05,True,REGULAR,USD,2025-01-17
NDX250117C19250000,2024-09-13 15:08:48+00:00,19250.0,1280.56,1661.3,1673.7,0.0,0.0,,2.0,1.0000000000000003e-05,True,REGULAR,USD,2025-01-17
NDX250117C19275000,2024-09-10 14:17:02+00:00,19275.0,839.4,1595.4,1755.4,0.0,0.0,,1.0,1.0000000000000003e-05,True,REGULAR,USD,2025-01-17
NDX250117C19300000,2024-09-23 15:38:46+00:00,19300.0,1419.55,1442.4,1456.7,0.0,0.0,4.0,35.0,1.0000000000000003e-05,True,REGULAR,USD,2025-01-17
NDX250117C19325000,2024-08-26 19:06:57+00:00,19325.0,1311.06,1467.5,1494.4,0.0,0.0,,1.0,1.0000000000000003e-05,True,REGULAR,USD,2025-01-17
NDX250117C19400000,2024-11-04 15:54:34+00:00,19400.0,1335.8,2041.6,2067.6,0.0,0.0,2.0,44.0,0.2747570083618164,True,REGULAR,USD,2025-01-17
NDX250117C19425000,2024-09-25 17:13:10+00:00,19425.0,1354.44,1526.3,1544.2,0.0,0.0,,1.0,1.0000000000000003e-05,True,REGULAR,USD,2025-01-17
NDX250117C19450000,2024-09-13 15:35:13+00:00,19450.0,1154.0,1510.8,1521.1,0.0,0.0,2.0,6.0,1.0000000000000003e-05,True,REGULAR,USD,2025-01-17
NDX250117C19475000,2024-08-23 18:34:27+00:00,19475.0,1315.28,1232.7,1263.3,0.0,0.0,5.0,5.0,1.0000000000000003e-05,True,REGULAR,USD,2025-01-17
NDX250117C19500000,2024-11-04 15:53:15+00:00,19500.0,1260.05,1952.4,1979.8,0.0,0.0,2.0,660.0,0.2696425041484833,True,REGULAR,USD,2025-01-17
NDX250117C19525000,2024-10-08 16:22:59+00:00,19525.0,1353.73,1949.6,1979.2,0.0,0.0,,1.0,0.2757411904144287,True,REGULAR,USD,2025-01-17
NDX250117C19550000,2024-09-13 15:12:36+00:00,19550.0,1097.05,1435.5,1447.6,0.0,0.0,,1.0,1.0000000000000003e-05,True,REGULAR,USD,2025-01-17
NDX250117C19575000,2024-08-26 19:16:49+00:00,19575.0,1143.31,1292.7,1317.9,0.0,0.0,,1.0,1.0000000000000003e-05,True,REGULAR,USD,2025-01-17
NDX250117C19600000,2024-10-24 16:11:42+00:00,19600.0,1260.25,1865.7,1892.3,0.0,0.0,2.0,42.0,0.26441260649681086,True,REGULAR,USD,2025-01-17
NDX250117C19625000,2024-09-23 14:18:01+00:00,19625.0,1174.79,1278.0,1299.8,0.0,0.0,7.0,6.0,1.0000000000000003e-05,True,REGULAR,USD,2025-01-17
NDX250117C19650000,2024-09-13 15:13:55+00:00,19650.0,1042.63,1365.7,1376.7,0.0,0.0,2.0,2.0,1.0000000000000003e-05,True,REGULAR,USD,2025-01-17
NDX250117C19700000,2024-10-31 15:58:41+00:00,19700.0,1057.25,1779.1,1805.8,0.0,0.0,2.0,44.0,0.25929524128913883,True,REGULAR,USD,2025-01-17
NDX250117C19725000,2024-08-09 19:30:22+00:00,19725.0,670.18,531.8,539.1,0.0,0.0,,1.0,1.0000000000000003e-05,True,REGULAR,USD,2025-01-17
NDX250117C19750000,2024-11-04 14:47:38+00:00,19750.0,1050.0,1737.6,1763.5,0.0,0.0,2.0,8.0,0.25696162357330327,True,REGULAR,USD,2025-01-17
NDX250117C19775000,2024-08-26 19:16:49+00:00,19775.0,1025.52,1159.8,1183.5,0.0,0.0,,1.0,1.0000000000000003e-05,True,REGULAR,USD,2025-01-17
NDX250117C19800000,2024-11-07 19:39:32+00:00,19800.0,1688.06,1694.4,1720.2,0.0,0.0,1.0,29.0,0.25423223497390746,True,REGULAR,USD,2025-01-17
NDX250117C19850000,2024-11-04 14:51:44+00:00,19850.0,977.45,1653.1,1678.4,0.0,0.0,1.0,7.0,0.25193008819580076,True,REGULAR,USD,2025-01-17
NDX250117C19875000,2024-10-31 19:54:42+00:00,19875.0,944.82,1631.1,1656.9,0.0,0.0,35.0,36.0,0.2505582414102554,True,REGULAR,USD,2025-01-17
NDX250117C19900000,2024-11-07 19:39:32+00:00,19900.0,1604.96,1611.3,1636.9,0.0,0.0,1.0,65.0,0.2496527367019653,True,REGULAR,USD,2025-01-17
NDX250117C19925000,2024-09-18 17:37:54+00:00,19925.0,827.74,1147.1,1167.1,0.0,0.0,1.0,2.0,1.0000000000000003e-05,True,REGULAR,USD,2025-01-17
NDX250117C19950000,2024-11-01 14:03:15+00:00,19950.0,943.0,1569.8,1593.8,0.0,0.0,2.0,23.0,0.24679364969253542,True,REGULAR,USD,2025-01-17
NDX250117C19975000,2024-10-29 15:50:21+00:00,19975.0,1209.93,1549.2,1574.3,0.0,0.0,1.0,6.0,0.24598875661849975,True,REGULAR,USD,2025-01-17
NDX250117C20000000,2024-11-07 16:28:56+00:00,20000.0,1484.4,1528.7,1552.4,0.0,0.0,9.0,624.0,0.24440662674903874,True,REGULAR,USD,2025-01-17
NDX250117C20200000,2024-11-08 16:25:00+00:00,20200.0,1352.66,1374.7,1385.9,591.91003,77.806114,32.0,28.0,0.23383239167213438,True,REGULAR,USD,2025-01-17
NDX250117C20400000,2024-11-01 17:46:36+00:00,20400.0,690.8,1218.0,1229.9,0.0,0.0,4.0,128.0,0.22509825278759,True,REGULAR,USD,2025-01-17
NDX250117C20500000,2024-11-08 19:21:43+00:00,20500.0,1162.05,1143.6,1154.1,40.5,3.6110737,4.0,884.0,0.22080246978759765,True,REGULAR,USD,2025-01-17
NDX250117C20600000,2024-11-06 20:46:30+00:00,20600.0,891.05,1070.6,1080.6,0.0,0.0,20.0,136.0,0.21675225546836852,True,REGULAR,USD,2025-01-17
NDX250117C20800000,2024-11-08 20:07:53+00:00,20800.0,932.2,930.2,939.6,7.450012,0.8056245,6.0,346.0,0.20899514615058895,True,REGULAR,USD,2025-01-17
NDX250117C21000000,2024-11-08 19:56:12+00:00,21000.0,810.53,800.0,807.9,-10.469971,-1.2752705,50.0,698.0,0.20184409080028531,True,REGULAR,USD,2025-01-17
NDX250117C21200000,2024-11-07 18:44:56+00:00,21200.0,659.6,678.0,686.0,-0.4000244,-0.060609758,3.0,106.0,0.19519561678886413,False,REGULAR,USD,2025-01-17
NDX250117C21400000,2024-11-04 14:56:34+00:00,21400.0,240.5,569.5,575.8,0.0,0.0,2.0,625.0,0.18935585051059722,False,REGULAR,USD,2025-01-17
NDX250117C21500000,2024-11-08 19:38:08+00:00,21500.0,534.43,519.5,525.3,23.630005,4.6260777,2.0,558.0,0.18674710050582885,False,REGULAR,USD,2025-01-17
NDX250117C21600000,2024-11-08 17:34:01+00:00,21600.0,470.2,472.4,477.6,-29.799988,-5.9599977,28.0,110.0,0.18425565126895904,False,REGULAR,USD,2025-01-17
NDX250117C21800000,2024-11-05 17:32:52+00:00,21800.0,180.9,387.7,391.5,0.0,0.0,4.0,377.0,0.17985448831081388,False,REGULAR,USD,2025-01-17
NDX250117C22000000,2024-11-08 19:40:03+00:00,22000.0,326.9,313.6,317.7,92.25,39.313873,9.0,452.0,0.1762415292930603,False,REGULAR,USD,2025-01-17
NDX250117C22100000,2024-11-08 15:28:22+00:00,22100.0,273.0,281.2,285.0,58.5,27.272728,2.0,74.0,0.1746470017814636,False,REGULAR,USD,2025-01-17
NDX250117C22200000,2024-11-08 16:23:56+00:00,22200.0,241.1,250.9,254.9,78.3,48.095825,13.0,25.0,0.17316119205474856,False,REGULAR,USD,2025-01-17
NDX250117C22300000,2024-11-08 16:22:10+00:00,22300.0,213.9,224.0,227.6,-2.4000092,-1.1095743,21.0,22.0,0.1718785129261017,False,REGULAR,USD,2025-01-17
NDX250117C22400000,2024-11-08 16:25:54+00:00,22400.0,191.3,199.4,202.6,-8.899994,-4.4455514,18.0,98.0,0.1706702196502686,False,REGULAR,USD,2025-01-17
NDX250117C22500000,2024-11-07 20:03:34+00:00,22500.0,190.15,176.9,180.2,0.0,0.0,2.0,43.0,0.16968508393287662,False,REGULAR,USD,2025-01-17
NDX250117C22600000,2024-11-08 16:25:51+00:00,22600.0,149.5,156.6,159.6,-19.600006,-11.590778,12.0,30.0,0.1686732456016541,False,REGULAR,USD,2025-01-17
NDX250117C22700000,2024-11-08 15:26:53+00:00,22700.0,134.6,138.2,141.1,10.300003,8.286406,4.0,21.0,0.16779110568046574,False,REGULAR,USD,2025-01-17
NDX250117C22800000,2024-11-08 15:48:53+00:00,22800.0,117.0,121.8,124.7,-1.5999985,-1.3490713,2.0,33.0,0.1671016060447693,False,REGULAR,USD,2025-01-17
NDX250117C22900000,2024-11-08 15:16:27+00:00,22900.0,104.0,107.4,110.2,1.0999985,1.0689975,2.0,13.0,0.1665913953876496,False,REGULAR,USD,2025-01-17
NDX250117C23000000,2024-11-08 20:06:24+00:00,23000.0,96.8,94.3,96.7,5.600006,6.140358,70.0,97.0,0.16588949810981757,False,REGULAR,USD,2025-01-17
NDX250117C23500000,2024-11-08 17:56:00+00:00,23500.0,49.55,48.8,50.7,-3.8500023,-7.209742,48.0,131.0,0.16480518125534058,False,REGULAR,USD,2025-01-17
NDX250117C24000000,2024-11-08 17:31:26+00:00,24000.0,24.85,25.0,26.6,-4.25,-14.604811,19.0,15.0,0.16576266069412235,False,REGULAR,USD,2025-01-17
NDX250117C24500000,2024-11-08 18:59:13+00:00,24500.0,14.8,13.0,14.3,10.31,229.6214,27.0,35.0,0.1683547215652466,False,REGULAR,USD,2025-01-17
NDX250221C14200000,2024-08-02 16:54:00+00:00,14200.0,4764.1,5731.8,5758.7,0.0,0.0,1.0,1.0,1.0000000000000003e-05,True,REGULAR,USD,2025-02-21
NDX250221C14600000,2024-08-05 14:53:58+00:00,14600.0,4117.7,4754.8,4785.1,0.0,0.0,1.0,1.0,1.0000000000000003e-05,True,REGULAR,USD,2025-02-21
NDX250221C15000000,2024-08-05 14:53:45+00:00,15000.0,3787.7,4393.3,4423.1,0.0,0.0,,1.0,1.0000000000000003e-05,True,REGULAR,USD,2025-02-21
NDX250221C15100000,2024-08-05 14:53:38+00:00,15100.0,3697.6,4303.7,4333.4,0.0,0.0,,1.0,1.0000000000000003e-05,True,REGULAR,USD,2025-02-21
NDX250221C15200000,2024-08-05 14:53:39+00:00,15200.0,3617.4,4214.5,4244.0,0.0,0.0,,1.0,1.0000000000000003e-05,True,REGULAR,USD,2025-02-21
NDX250221C15500000,2024-08-05 14:52:35+00:00,15500.0,3357.0,3949.0,3978.0,0.0,0.0,,1.0,1.0000000000000003e-05,True,REGULAR,USD,2025-02-21
NDX250221C16000000,2024-08-05 14:53:44+00:00,16000.0,2994.8,3514.9,3542.8,0.0,0.0,,2.0,1.0000000000000003e-05,True,REGULAR,USD,2025-02-21
NDX250221C16600000,2024-08-05 14:53:33+00:00,16600.0,2540.8,3010.2,3036.8,0.0,0.0,,2.0,1.0000000000000003e-05,True,REGULAR,USD,2025-02-21
NDX250221C17100000,2024-08-05 14:53:31+00:00,17100.0,2187.1,2606.2,2631.5,0.0,0.0,,1.0,1.0000000000000003e-05,True,REGULAR,USD,2025-02-21
NDX250221C17200000,2024-08-05 14:53:31+00:00,17200.0,2117.9,2527.5,2552.5,0.0,0.0,,1.0,1.0000000000000003e-05,True,REGULAR,USD,2025-02-21
NDX250221C18200000,2024-09-26 13:39:43+00:00,18200.0,2687.5,2697.5,2717.9,0.0,0.0,2.0,2.0,1.0000000000000003e-05,True,REGULAR,USD,2025-02-21
NDX250221C18300000,2024-05-01 13:30:16+00:00,18300.0,1147.3,0.0,0.0,0.0,0.0,,1.0,1.0000000000000003e-05,True,REGULAR,USD,2025-02-21
NDX250221C18400000,2024-10-28 16:00:52+00:00,18400.0,2573.15,3098.5,3127.9,0.0,0.0,2.0,2.0,0.3205434080982208,True,REGULAR,USD,2025-02-21
NDX250221C18500000,2024-11-06 17:57:36+00:00,18500.0,2667.0,3006.3,3037.8,0.0,0.0,3.0,1.0,0.3159496048545837,True,REGULAR,USD,2025-02-21
NDX250221C18600000,2024-11-07 18:31:02+00:00,18600.0,2867.7,2916.4,2946.2,0.0,0.0,1.0,3.0,0.3107797880840301,True,REGULAR,USD,2025-02-21
NDX250221C18700000,2024-11-08 14:49:59+00:00,18700.0,2817.0,2827.4,2857.2,37.81006,1.3604705,1.0,3.0,0.3063233125686645,True,REGULAR,USD,2025-02-21
NDX250221C18800000,2024-11-08 14:49:59+00:00,18800.0,2728.3,2736.8,2765.4,826.88,43.4875,1.0,2.0,0.3009017282962799,True,REGULAR,USD,2025-02-21
NDX250221C18900000,2024-10-28 15:56:16+00:00,18900.0,2165.63,2648.9,2677.2,0.0,0.0,,1.0,0.2964638492441177,True,REGULAR,USD,2025-02-21
NDX250221C19000000,2024-11-07 15:16:56+00:00,19000.0,2472.7,2559.9,2588.8,0.0,0.0,2.0,2.0,0.2918400055599211,True,REGULAR,USD,2025-02-21
NDX250221C19100000,2024-10-28 15:52:39+00:00,19100.0,2009.2,2471.5,2500.3,0.0,0.0,2.0,3.0,0.2870630986785888,True,REGULAR,USD,2025-02-21
NDX250221C19200000,2024-10-28 15:51:00+00:00,19200.0,1939.55,2386.8,2414.8,0.0,0.0,2.0,13.0,0.28300620870590204,True,REGULAR,USD,2025-02-21
NDX250221C19300000,2024-10-28 15:50:16+00:00,19300.0,1851.0,2299.8,2327.9,0.0,0.0,2.0,10.0,0.27840668347358705,True,REGULAR,USD,2025-02-21
NDX250221C19400000,2024-10-28 15:49:08+00:00,19400.0,1776.0,2215.7,2241.5,0.0,0.0,2.0,6.0,0.27380143625259395,True,REGULAR,USD,2025-02-21
NDX250221C19500000,2024-11-07 15:16:56+00:00,19500.0,2050.7,2131.4,2157.8,0.0,0.0,2.0,8.0,0.2697688647317886,True,REGULAR,USD,2025-02-21
NDX250221C19600000,2024-10-28 15:47:21+00:00,19600.0,1627.85,2048.1,2074.1,0.0,0.0,2.0,2.0,0.26556272622108457,True,REGULAR,USD,2025-02-21
NDX250221C19700000,2024-11-04 14:37:18+00:00,19700.0,1223.0,1965.7,1991.3,0.0,0.0,1.0,6.0,0.2614142844295502,True,REGULAR,USD,2025-02-21
NDX250221C19800000,2024-11-04 20:14:46+00:00,19800.0,1194.3,1884.3,1910.6,0.0,0.0,9.0,11.0,0.25761583761215207,True,REGULAR,USD,2025-02-21
NDX250221C19900000,2024-11-06 18:42:44+00:00,19900.0,1558.7,1808.6,1822.3,0.0,0.0,1.0,14.0,0.2517140831232071,True,REGULAR,USD,2025-02-21
NDX250221C20000000,2024-11-08 14:48:58+00:00,20000.0,1726.7,1729.4,1742.9,112.70996,6.983312,2.0,22.0,0.2478593700838089,True,REGULAR,USD,2025-02-21
NDX250221C20100000,2024-11-05 17:44:37+00:00,20100.0,1122.99,1651.4,1664.6,0.0,0.0,2.0,1.0,0.244054724445343,True,REGULAR,USD,2025-02-21
NDX250221C20200000,2024-10-28 15:40:32+00:00,20200.0,1206.0,1574.7,1587.6,0.0,0.0,6.0,10.0,0.24033400130748747,True,REGULAR,USD,2025-02-21
NDX250221C20300000,2024-11-07 16:16:59+00:00,20300.0,1458.0,1500.4,1511.4,0.0,0.0,1.0,6.0,0.23656368760108948,True,REGULAR,USD,2025-02-21
NDX250221C20400000,2024-10-31 13:36:22+00:00,20400.0,947.77,1426.4,1438.4,0.0,0.0,2.0,21.0,0.23329309423923492,True,REGULAR,USD,2025-02-21
NDX250221C20500000,2024-11-07 18:50:38+00:00,20500.0,1333.06,1354.0,1365.5,0.0,0.0,2.0,4.0,0.2297769321966171,True,REGULAR,USD,2025-02-21
NDX250221C21000000,2024-11-08 16:47:08+00:00,21000.0,994.0,1016.7,1026.5,9.0,0.9137056,1.0,71.0,0.2135922872209549,True,REGULAR,USD,2025-02-21
NDX250221C21500000,2024-11-08 18:52:06+00:00,21500.0,737.6,729.5,737.1,148.59998,25.229198,3.0,40.0,0.19995440403938294,False,REGULAR,USD,2025-02-21
NDX250221C22000000,2024-11-07 16:47:00+00:00,22000.0,493.0,498.8,505.2,0.0,0.0,2.0,26.0,0.1892371192455292,False,REGULAR,USD,2025-02-21
NDX250221C22500000,2024-11-07 15:21:20+00:00,22500.0,313.4,325.5,329.8,0.0,0.0,2.0,48.0,0.1809116257190704,False,REGULAR,USD,2025-02-21
NDX250221C23000000,2024-11-06 18:12:06+00:00,23000.0,142.6,203.9,208.0,0.0,0.0,140.0,182.0,0.1754571400117874,False,REGULAR,USD,2025-02-21
NDX250221C23500000,2024-11-07 14:47:02+00:00,23500.0,109.55,123.6,126.7,0.0,0.0,1.0,26.0,0.17174213886260992,False,REGULAR,USD,2025-02-21
NDX250221C24000000,2024-11-08 14:38:15+00:00,24000.0,76.93,73.4,76.0,-3.1100006,-3.885558,4.0,85.0,0.16991682447433473,False,REGULAR,USD,2025-02-21
NDX250221C24500000,2024-11-07 15:06:11+00:00,24500.0,45.0,43.4,45.8,0.0,0.0,6.0,6.0,0.16985960458755495,False,REGULAR,USD,2025-02-21
NDX250321C11000000,2024-08-02 19:30:25+00:00,11000.0,7802.5,8819.2,8849.4,0.0,0.0,1.0,1.0,1.0000000000000003e-05,True,REGULAR,USD,2025-03-21
NDX250321C16000000,2024-02-26 19:36:09+00:00,16000.0,3251.1,3479.2,3510.8,0.0,0.0,2.0,2.0,1.0000000000000003e-05,True,REGULAR,USD,2025-03-21
NDX250321C16100000,2024-02-26 19:36:08+00:00,16100.0,3177.7,3402.1,3433.5,0.0,0.0,1.0,1.0,1.0000000000000003e-05,True,REGULAR,USD,2025-03-21
NDX250321C16200000,2024-02-26 19:36:09+00:00,16200.0,3110.0,3325.5,3356.8,0.0,0.0,2.0,2.0,1.0000000000000003e-05,True,REGULAR,USD,2025-03-21
NDX250321C17200000,2024-11-07 20:24:00+00:00,17200.0,4331.3,4304.8,4337.6,0.0,0.0,1.0,1.0,0.3714157021045684,True,REGULAR,USD,2025-03-21
NDX250321C17500000,2024-09-25 19:26:53+00:00,17500.0,3150.15,3414.2,3435.1,0.0,0.0,1.0,0.0,1.0000000000000003e-05,True,REGULAR,USD,2025-03-21
NDX250321C17700000,2024-03-20 18:16:34+00:00,17700.0,2164.0,1419.7,1455.2,0.0,0.0,,1.0,1.0000000000000003e-05,True,REGULAR,USD,2025-03-21
NDX250321C17800000,2024-08-05 14:52:06+00:00,17800.0,1772.7,2173.3,2198.3,0.0,0.0,,2.0,1.0000000000000003e-05,True,REGULAR,USD,2025-03-21
NDX250321C18000000,2024-09-20 16:16:55+00:00,18000.0,2591.8,2971.9,2999.3,0.0,0.0,1.0,95.0,1.0000000000000003e-05,True,REGULAR,USD,2025-03-21
NDX250321C18300000,2024-03-22 19:12:34+00:00,18300.0,1935.7,1123.1,1157.2,0.0,0.0,2.0,2.0,1.0000000000000003e-05,True,REGULAR,USD,2025-03-21
NDX250321C18400000,2024-08-07 17:25:03+00:00,18400.0,1425.0,1450.5,1461.9,0.0,0.0,,9.0,1.0000000000000003e-05,True,REGULAR,USD,2025-03-21
NDX250321C18500000,2024-11-05 17:33:55+00:00,18500.0,2449.2,3120.7,3150.9,0.0,0.0,39.0,90.0,0.3121711849975586,True,REGULAR,USD,2025-03-21
NDX250321C18600000,2024-08-09 13:43:47+00:00,18600.0,1447.7,1331.4,1342.2,0.0,0.0,1.0,4.0,1.0000000000000003e-05,True,REGULAR,USD,2025-03-21
NDX250321C18700000,2024-09-12 15:16:36+00:00,18700.0,1795.58,2393.7,2405.4,0.0,0.0,5.0,23.0,1.0000000000000003e-05,True,REGULAR,USD,2025-03-21
NDX250321C18800000,2024-09-18 14:43:13+00:00,18800.0,1822.85,2321.1,2332.5,0.0,0.0,2.0,6.0,0.1024183386993408,True,REGULAR,USD,2025-03-21
NDX250321C18900000,2024-10-18 19:23:17+00:00,18900.0,2241.18,2772.6,2802.2,0.0,0.0,4.0,13.0,0.295854457449913,True,REGULAR,USD,2025-03-21
NDX250321C19000000,2024-10-18 19:23:17+00:00,19000.0,2163.83,2688.2,2716.4,0.0,0.0,4.0,72.0,0.2918624166822432,True,REGULAR,USD,2025-03-21
NDX250321C19100000,2024-09-18 15:52:52+00:00,19100.0,1543.56,2086.7,2097.6,0.0,0.0,26.0,12.0,0.1317645112991333,True,REGULAR,USD,2025-03-21
NDX250321C19200000,2024-11-08 14:48:58+00:00,19200.0,2519.2,2517.4,2546.7,631.6,33.460476,2.0,36.0,0.2839951590824126,True,REGULAR,USD,2025-03-21
NDX250321C19300000,2024-09-26 18:54:01+00:00,19300.0,1862.6,1947.0,1959.5,0.0,0.0,1.0,11.0,0.14525123861312866,True,REGULAR,USD,2025-03-21
NDX250321C19400000,2024-11-04 15:54:34+00:00,19400.0,1674.3,2353.1,2379.9,0.0,0.0,2.0,28.0,0.27632197226524347,True,REGULAR,USD,2025-03-21
NDX250321C19500000,2024-11-05 14:43:54+00:00,19500.0,1595.0,2271.3,2298.1,0.0,0.0,5.0,15.0,0.2726560848522186,True,REGULAR,USD,2025-03-21
NDX250321C19600000,2024-10-17 16:59:03+00:00,19600.0,1721.66,2189.4,2216.8,0.0,0.0,2.0,33.0,0.26895968016624444,True,REGULAR,USD,2025-03-21
NDX250321C19700000,2024-10-23 18:09:11+00:00,19700.0,1402.9,2109.7,2136.4,0.0,0.0,2.0,22.0,0.26531715754032137,True,REGULAR,USD,2025-03-21
NDX250321C19800000,2024-11-04 17:02:08+00:00,19800.0,1327.6,2038.9,2052.2,0.0,0.0,9.0,30.0,0.2606833003759384,True,REGULAR,USD,2025-03-21
NDX250321C19900000,2024-11-04 16:03:54+00:00,19900.0,1332.95,1960.9,1974.5,0.0,0.0,12.0,116.0,0.2573311686754227,True,REGULAR,USD,2025-03-21
NDX250321C20000000,2024-11-05 17:39:47+00:00,20000.0,1337.04,1883.4,1897.0,0.0,0.0,10.0,106.0,0.2538500538134575,True,REGULAR,USD,2025-03-21
NDX250321C20100000,2024-11-05 17:44:37+00:00,20100.0,1275.1,1807.7,1819.4,0.0,0.0,2.0,65.0,0.25017319925546644,True,REGULAR,USD,2025-03-21
NDX250321C20200000,2024-10-29 19:05:34+00:00,20200.0,1456.32,1733.6,1744.2,0.0,0.0,1.0,81.0,0.24682416696548465,True,REGULAR,USD,2025-03-21
NDX250321C20300000,2024-11-06 17:02:50+00:00,20300.0,1373.6,1659.6,1673.7,0.0,0.0,2.0,8.0,0.24426166970252994,True,REGULAR,USD,2025-03-21
NDX250321C20400000,2024-11-07 14:47:14+00:00,20400.0,1488.45,1587.4,1598.5,0.0,0.0,43.0,25.0,0.24052091960430144,True,REGULAR,USD,2025-03-21
NDX250321C20500000,2024-11-07 15:11:01+00:00,20500.0,1456.1,1516.6,1527.4,0.0,0.0,108.0,107.0,0.23741960174083707,True,REGULAR,USD,2025-03-21
NDX250321C20600000,2024-11-06 17:16:32+00:00,20600.0,1186.85,1446.8,1460.0,0.0,0.0,2.0,8.0,0.2348513824892044,True,REGULAR,USD,2025-03-21
NDX250321C20700000,2024-11-06 17:20:28+00:00,20700.0,1127.15,1379.2,1390.8,0.0,0.0,2.0,15.0,0.23169332157135009,True,REGULAR,USD,2025-03-21
NDX250321C20800000,2024-11-07 15:45:33+00:00,20800.0,1262.3,1313.0,1322.6,0.0,0.0,2.0,2.0,0.2285066507101059,True,REGULAR,USD,2025-03-21
NDX250321C20900000,2024-11-06 17:22:13+00:00,20900.0,1006.7,1247.5,1256.2,0.0,0.0,2.0,15.0,0.2254410952758789,True,REGULAR,USD,2025-03-21
NDX250321C21000000,2024-11-06 14:43:48+00:00,21000.0,940.13,1185.0,1194.0,0.0,0.0,41.0,109.0,0.22295870585441588,True,REGULAR,USD,2025-03-21
NDX250321C21100000,2024-11-04 17:09:13+00:00,21100.0,606.6,1122.6,1131.6,0.0,0.0,3.0,4.0,0.22018020351886744,True,REGULAR,USD,2025-03-21
NDX250321C21200000,2024-11-08 16:36:00+00:00,21200.0,1045.4,1062.6,1069.8,468.40002,81.17851,1.0,8.0,0.2172569825530052,False,REGULAR,USD,2025-03-21
NDX250321C21300000,2024-11-05 19:49:02+00:00,21300.0,617.2,1003.6,1011.9,0.0,0.0,3.0,9.0,0.21482680627822875,False,REGULAR,USD,2025-03-21
NDX250321C21400000,2024-11-07 15:13:31+00:00,21400.0,915.0,947.7,955.0,0.0,0.0,4.0,94.0,0.21231294591903682,False,REGULAR,USD,2025-03-21
NDX250321C21500000,2024-11-07 20:08:26+00:00,21500.0,911.15,894.0,901.2,0.0,0.0,30.0,26.0,0.21011999375820156,False,REGULAR,USD,2025-03-21
NDX250321C21600000,2024-10-24 19:13:31+00:00,21600.0,523.83,840.0,848.4,0.0,0.0,1.0,47.0,0.20782976778984066,False,REGULAR,USD,2025-03-21
NDX250321C21700000,2024-11-01 18:45:51+00:00,21700.0,792.6,791.1,796.4,362.39996,84.239876,1.0,28.0,0.20539506160736082,False,REGULAR,USD,2025-03-21
NDX250321C21800000,2024-11-07 20:08:26+00:00,21800.0,755.1,742.0,748.4,0.0,0.0,2.0,7.0,0.20344624763011931,False,REGULAR,USD,2025-03-21
NDX250321C21900000,2024-11-06 19:35:09+00:00,21900.0,567.92,696.0,701.4,0.0,0.0,39.0,31.0,0.20138490120887753,False,REGULAR,USD,2025-03-21
NDX250321C22000000,2024-11-08 15:08:43+00:00,22000.0,636.0,650.4,657.0,-8.0,-1.242236,3.0,228.0,0.1995290695476532,False,REGULAR,USD,2025-03-21
NDX250321C22100000,2024-10-25 17:35:06+00:00,22100.0,416.0,608.6,613.9,0.0,0.0,6.0,8.0,0.19761458750247957,False,REGULAR,USD,2025-03-21
NDX250321C22200000,2024-11-08 17:16:32+00:00,22200.0,552.1,567.7,573.0,-32.150024,-5.5027857,1.0,160.0,0.19582432029485702,False,REGULAR,USD,2025-03-21
NDX250321C22300000,2024-11-07 14:37:10+00:00,22300.0,473.1,529.3,535.0,0.0,0.0,10.0,10.0,0.19431109270572666,False,REGULAR,USD,2025-03-21
NDX250321C22400000,2024-11-07 14:47:14+00:00,22400.0,444.45,492.4,497.4,0.0,0.0,33.0,116.0,0.19254728969573975,False,REGULAR,USD,2025-03-21
NDX250321C22500000,2024-11-08 17:56:31+00:00,22500.0,458.3,457.8,462.3,103.599976,29.207775,2.0,506.0,0.19098280262470246,False,REGULAR,USD,2025-03-21
NDX250321C22600000,2024-10-31 17:28:52+00:00,22600.0,414.7,424.9,429.3,224.00002,117.462,1.0,19.0,0.18953990781307223,False,REGULAR,USD,2025-03-21
NDX250321C22700000,2024-11-07 20:08:44+00:00,22700.0,404.77,393.8,398.3,0.0,0.0,78.0,84.0,0.18820763811588287,False,REGULAR,USD,2025-03-21
NDX250321C22800000,2024-11-07 16:49:35+00:00,22800.0,364.4,364.6,368.7,0.0,0.0,2.0,49.0,0.18685438779354097,False,REGULAR,USD,2025-03-21
NDX250321C22900000,2024-11-08 19:49:02+00:00,22900.0,344.71,337.3,341.3,121.70999,54.578472,1.0,64.0,0.18567851912021635,False,REGULAR,USD,2025-03-21
NDX250321C23000000,2024-11-08 19:49:02+00:00,23000.0,318.69,311.4,315.4,6.450012,2.0657227,11.0,691.0,0.18452601523399353,False,REGULAR,USD,2025-03-21
NDX250321C23100000,2024-11-07 18:06:05+00:00,23100.0,287.7,287.4,291.3,0.0,0.0,19.0,97.0,0.1834827059650421,False,REGULAR,USD,2025-03-21
NDX250321C23200000,2024-11-06 15:39:57+00:00,23200.0,176.27,264.7,268.8,0.0,0.0,2.0,23.0,0.18251473621368408,False,REGULAR,USD,2025-03-21
NDX250321C23300000,2024-11-07 14:57:37+00:00,23300.0,224.88,243.9,247.5,0.0,0.0,2.0,81.0,0.18152769316673278,False,REGULAR,USD,2025-03-21
NDX250321C23400000,2024-11-07 20:08:44+00:00,23400.0,216.7,224.5,227.9,-15.770004,-6.7836733,1.0,102.0,0.1806741631889343,False,REGULAR,USD,2025-03-21
NDX250321C23500000,2024-11-08 17:53:32+00:00,23500.0,206.9,207.4,209.7,-3.100006,-1.4761934,2.0,22.0,0.17988977390766142,False,REGULAR,USD,2025-03-21
NDX250321C23600000,2024-11-08 19:27:07+00:00,23600.0,195.6,190.4,192.7,-1.3999939,-0.7106568,3.0,13.0,0.1791339945697784,False,REGULAR,USD,2025-03-21
NDX250321C23800000,2024-11-08 17:13:42+00:00,23800.0,152.9,160.2,162.2,-17.5,-10.269954,7.0,46.0,0.17774069032669068,False,REGULAR,USD,2025-03-21
NDX250321C24000000,2024-11-08 17:12:56+00:00,24000.0,128.5,133.8,136.3,-4.600006,-3.4560525,20.0,651.0,0.17662156470775603,False,REGULAR,USD,2025-03-21
NDX250321C24200000,2024-11-08 16:55:37+00:00,24200.0,108.7,112.0,114.6,61.699997,131.27658,2.0,1.0,0.1758328839349747,False,REGULAR,USD,2025-03-21
NDX250321C24400000,2024-11-04 18:49:20+00:00,24400.0,34.1,93.7,96.3,0.0,0.0,3.0,4.0,0.17526306922912596,False,REGULAR,USD,2025-03-21
NDX250321C24500000,2024-11-08 18:03:34+00:00,24500.0,86.55,85.8,87.9,0.1000061,0.115680866,10.0,83.0,0.1748730203342438,False,REGULAR,USD,2025-03-21
NDX250321C24600000,2024-10-30 14:44:30+00:00,24600.0,49.7,78.3,80.8,0.0,0.0,,0.0,0.17483392007827758,False,REGULAR,USD,2025-03-21
NDX250321C24800000,2024-11-07 20:10:06+00:00,24800.0,69.5,65.4,67.5,0.0,0.0,138.0,62.0,0.17440953925132757,False,REGULAR,USD,2025-03-21
NDX250321C25000000,2024-11-07 15:00:10+00:00,25000.0,52.15,54.6,56.7,0.0,0.0,5.0,9.0,0.1743513656997681,False,REGULAR,USD,2025-03-21
NDX250321C25500000,2024-11-08 15:34:32+00:00,25500.0,34.5,35.0,36.8,-3.2000008,-8.488065,1.0,145.0,0.17477860752105717,False,REGULAR,USD,2025-03-21
NDX250321C26000000,2024-10-31 14:11:22+00:00,26000.0,9.5,22.5,24.4,0.0,0.0,4.0,10.0,0.1762472512817383,False,REGULAR,USD,2025-03-21
NDX250321C26500000,2024-11-07 15:00:06+00:00,26500.0,16.2,14.7,16.8,0.0,0.0,1.0,8.0,0.1788564781188965,False,REGULAR,USD,2025-03-21
NDX250321C27000000,2024-11-08 16:13:17+00:00,27000.0,10.0,9.7,11.4,-0.75,-6.976744,1.0,7.0,0.1810384631347656,False,REGULAR,USD,2025-03-21
NDX250321C28500000,2024-11-07 17:47:26+00:00,28500.0,4.1,3.1,4.5,0.0,0.0,1.0,0.0,0.1920551986694336,False,REGULAR,USD,2025-03-21
NDX250321C30000000,2024-10-30 19:49:32+00:00,30000.0,1.9,1.0,2.7,0.9,90.0,1.0,1.0,0.209343233795166,False,REGULAR,USD,2025-03-21
NDXP250331C14100000,2024-06-12 13:30:16+00:00,14100.0,5910.5,0.0,0.0,0.0,0.0,,1.0,1.0000000000000003e-05,True,REGULAR,USD,2025-03-31
NDXP250331C14400000,2024-06-14 13:30:16+00:00,14400.0,5835.0,6497.4,6534.6,0.0,0.0,,1.0,1.0000000000000003e-05,True,REGULAR,USD,2025-03-31
NDXP250331C16200000,2024-06-12 13:30:16+00:00,16200.0,4058.0,0.0,0.0,0.0,0.0,,1.0,1.0000000000000003e-05,True,REGULAR,USD,2025-03-31
NDXP250331C17500000,2024-04-04 13:37:19+00:00,17500.0,2467.4,1967.9,2005.8,0.0,0.0,3.0,3.0,1.0000000000000003e-05,True,REGULAR,USD,2025-03-31
NDXP250331C17600000,2024-09-30 18:49:45+00:00,17600.0,3087.7,3305.5,3464.4,0.0,0.0,,1.0,1.0000000000000003e-05,True,REGULAR,USD,2025-03-31
NDXP250331C17700000,2024-08-02 19:40:08+00:00,17700.0,2082.1,2733.8,2762.6,0.0,0.0,1.0,1.0,1.0000000000000003e-05,True,REGULAR,USD,2025-03-31
NDXP250331C18000000,2024-08-02 19:42:58+00:00,18000.0,1886.0,2498.9,2527.0,0.0,0.0,3.0,5.0,1.0000000000000003e-05,True,REGULAR,USD,2025-03-31
NDXP250331C18100000,2024-08-06 15:43:06+00:00,18100.0,1715.88,1993.5,2021.0,0.0,0.0,1.0,2.0,1.0000000000000003e-05,True,REGULAR,USD,2025-03-31
NDXP250331C18200000,2024-08-08 17:26:54+00:00,18200.0,1724.8,1600.6,1625.9,0.0,0.0,1.0,1.0,1.0000000000000003e-05,True,REGULAR,USD,2025-03-31
NDXP250331C18300000,2024-08-08 17:26:54+00:00,18300.0,1663.35,1538.0,1563.2,0.0,0.0,,1.0,1.0000000000000003e-05,True,REGULAR,USD,2025-03-31
NDXP250331C18500000,2024-10-04 19:54:51+00:00,18500.0,2450.6,2303.9,2320.4,0.0,0.0,1.0,1.0,1.0000000000000003e-05,True,REGULAR,USD,2025-03-31
NDXP250331C18700000,2024-08-02 16:09:56+00:00,18700.0,1506.0,1979.5,2006.3,0.0,0.0,2.0,2.0,1.0000000000000003e-05,True,REGULAR,USD,2025-03-31
NDXP250331C18800000,2024-10-02 15:49:55+00:00,18800.0,2103.85,2140.7,2166.2,0.0,0.0,2.0,2.0,1.0000000000000003e-05,True,REGULAR,USD,2025-03-31
NDXP250331C18900000,2024-08-14 15:32:52+00:00,18900.0,1591.15,1797.5,1825.9,0.0,0.0,1.0,2.0,1.0000000000000003e-05,True,REGULAR,USD,2025-03-31
NDXP250331C19000000,2024-10-02 15:41:50+00:00,19000.0,1954.7,1992.2,2013.0,0.0,0.0,2.0,1.0,1.0000000000000003e-05,True,REGULAR,USD,2025-03-31
NDXP250331C19100000,2024-11-08 18:53:49+00:00,19100.0,2664.72,2641.9,2670.5,779.47,41.34571,1.0,1.0,0.28692338678836815,True,REGULAR,USD,2025-03-31
NDXP250331C19300000,2024-10-02 17:31:33+00:00,19300.0,1712.89,1776.1,1795.5,0.0,0.0,2.0,1.0,1.0000000000000003e-05,True,REGULAR,USD,2025-03-31
NDXP250331C19400000,2024-10-02 17:28:49+00:00,19400.0,1651.25,1704.0,1725.1,0.0,0.0,4.0,2.0,0.06735017742156983,True,REGULAR,USD,2025-03-31
NDXP250331C19500000,2024-10-02 17:26:55+00:00,19500.0,1571.65,1637.0,1655.8,0.0,0.0,4.0,3.0,0.08822399211883546,True,REGULAR,USD,2025-03-31
NDXP250331C19600000,2024-10-02 17:25:06+00:00,19600.0,1502.15,1567.4,1587.6,0.0,0.0,2.0,2.0,0.09845204688072205,True,REGULAR,USD,2025-03-31
NDXP250331C19700000,2024-10-02 17:33:19+00:00,19700.0,1441.44,1501.7,1520.5,0.0,0.0,4.0,3.0,0.10552776271343231,True,REGULAR,USD,2025-03-31
NDXP250331C19800000,2024-06-11 19:39:19+00:00,19800.0,1321.27,1955.2,1972.0,0.0,0.0,1.0,1.0,0.2342968264198303,True,REGULAR,USD,2025-03-31
NDXP250331C20000000,2024-07-25 14:09:21+00:00,20000.0,993.15,1310.0,1337.7,0.0,0.0,2.0,5.0,0.12163563767433168,True,REGULAR,USD,2025-03-31
NDXP250331C20100000,2024-10-22 15:49:00+00:00,20100.0,1407.23,1850.8,1871.1,0.0,0.0,,1.0,0.2518928952693939,True,REGULAR,USD,2025-03-31
NDXP250331C20200000,2024-10-22 15:51:31+00:00,20200.0,1335.65,1776.5,1796.7,0.0,0.0,,2.0,0.24870670124053956,True,REGULAR,USD,2025-03-31
NDXP250331C20500000,2024-11-06 15:01:05+00:00,20500.0,1249.7,1561.1,1580.8,0.0,0.0,1.0,1.0,0.2395033592844009,True,REGULAR,USD,2025-03-31
NDXP250331C20600000,2024-10-23 17:26:19+00:00,20600.0,943.48,1491.8,1511.3,0.0,0.0,9.0,1.0,0.23653078616619108,True,REGULAR,USD,2025-03-31
NDXP250331C20700000,2024-07-24 16:04:01+00:00,20700.0,870.55,938.7,964.3,0.0,0.0,1.0,1.0,0.1406273949289322,True,REGULAR,USD,2025-03-31
NDXP250331C21000000,2024-10-23 17:26:19+00:00,21000.0,741.48,1229.3,1247.8,0.0,0.0,9.0,4.0,0.22530114496946332,True,REGULAR,USD,2025-03-31
NDXP250331C22000000,2024-10-31 18:44:09+00:00,22000.0,345.38,691.7,706.6,0.0,0.0,2.0,9.0,0.20218907903432842,False,REGULAR,USD,2025-03-31
NDXP250331C22500000,2024-11-08 20:01:12+00:00,22500.0,503.05,493.6,506.8,44.579987,9.723642,1.0,8.0,0.193642096862793,False,REGULAR,USD,2025-03-31
NDXP250331C23000000,2024-11-08 20:01:12+00:00,23000.0,349.95,341.2,352.8,35.430023,11.264792,1.0,4.0,0.18695356893062592,False,REGULAR,USD,2025-03-31
NDXP250331C23500000,2024-09-20 13:30:58+00:00,23500.0,140.0,134.4,142.2,0.0,0.0,2.0,3.0,0.15263069667816165,False,REGULAR,USD,2025-03-31
NDXP250331C24000000,2024-08-05 14:13:36+00:00,24000.0,38.0,47.1,55.2,0.0,0.0,,1.0,0.13521487047195438,False,REGULAR,USD,2025-03-31
NDXP250331C24500000,2024-09-20 14:55:02+00:00,24500.0,58.0,53.5,59.8,0.0,0.0,1.0,10.0,0.1542509731388092,False,REGULAR,USD,2025-03-31
NDX250417C13900000,2024-08-02 15:48:11+00:00,13900.0,5205.7,6120.2,6152.6,0.0,0.0,1.0,1.0,1.0000000000000003e-05,True,REGULAR,USD,2025-04-17
NDX250417C15100000,2024-08-02 15:48:11+00:00,15100.0,4181.5,5020.6,5053.5,0.0,0.0,1.0,1.0,1.0000000000000003e-05,True,REGULAR,USD,2025-04-17
NDX250417C15500000,2024-04-30 15:11:19+00:00,15500.0,3337.0,4056.3,4092.5,0.0,0.0,,8.0,1.0000000000000003e-05,True,REGULAR,USD,2025-04-17
NDX250417C15600000,2024-04-30 15:11:25+00:00,15600.0,3258.9,3974.9,4012.3,0.0,0.0,,4.0,1.0000000000000003e-05,True,REGULAR,USD,2025-04-17
NDX250417C15700000,2024-04-30 15:11:33+00:00,15700.0,3181.9,3891.4,3930.4,0.0,0.0,,7.0,1.0000000000000003e-05,True,REGULAR,USD,2025-04-17
NDX250417C16400000,2024-05-22 20:11:18+00:00,16400.0,3419.4,4272.5,4314.5,0.0,0.0,,1.0,1.0000000000000003e-05,True,REGULAR,USD,2025-04-17
NDX250417C16800000,2024-08-02 15:48:11+00:00,16800.0,2843.2,3533.1,3563.7,0.0,0.0,1.0,1.0,1.0000000000000003e-05,True,REGULAR,USD,2025-04-17
NDX250417C17200000,2024-04-30 18:53:41+00:00,17200.0,2013.0,2614.8,2652.1,0.0,0.0,,2.0,1.0000000000000003e-05,True,REGULAR,USD,2025-04-17
NDX250417C17700000,2024-08-02 15:48:11+00:00,17700.0,2209.0,2799.8,2829.1,0.0,0.0,1.0,2.0,1.0000000000000003e-05,True,REGULAR,USD,2025-04-17
NDX250417C17800000,2024-05-20 19:58:35+00:00,17800.0,2326.9,3290.8,3332.6,0.0,0.0,,1.0,0.1295043257713318,True,REGULAR,USD,2025-04-17
NDX250417C17900000,2024-05-15 15:18:35+00:00,17900.0,2140.8,2920.0,3120.0,0.0,0.0,,1.0,1.0000000000000003e-05,True,REGULAR,USD,2025-04-17
NDX250417C18100000,2024-07-10 14:47:25+00:00,18100.0,3534.32,1858.8,1887.8,0.0,0.0,,1.0,1.0000000000000003e-05,True,REGULAR,USD,2025-04-17
NDX250417C18800000,2024-05-24 17:25:36+00:00,18800.0,1780.0,2398.2,2434.9,0.0,0.0,1.0,1.0,0.14921609993457796,True,REGULAR,USD,2025-04-17
NDX250417C19000000,2024-07-17 17:16:50+00:00,19000.0,2287.39,1897.4,1935.6,0.0,0.0,,1.0,1.0000000000000003e-05,True,REGULAR,USD,2025-04-17
NDX250417C19100000,2024-07-17 18:04:43+00:00,19100.0,2224.2,1831.4,1869.2,0.0,0.0,,1.0,1.0000000000000003e-05,True,REGULAR,USD,2025-04-17
NDX250417C19300000,2024-07-24 14:38:42+00:00,19300.0,1709.77,1814.8,1846.9,0.0,0.0,16.0,1.0,0.0863452725028992,True,REGULAR,USD,2025-04-17
NDX250417C19400000,2024-07-18 14:54:07+00:00,19400.0,2009.3,1639.5,1676.0,0.0,0.0,2.0,2.0,1.0000000000000003e-05,True,REGULAR,USD,2025-04-17
NDX250417C19600000,2024-10-02 17:37:43+00:00,19600.0,1592.8,1658.2,1680.2,0.0,0.0,,1.0,0.12281341367721557,True,REGULAR,USD,2025-04-17
NDX250417C19700000,2024-10-02 17:51:44+00:00,19700.0,1551.05,1591.7,1613.5,0.0,0.0,,13.0,0.12632480739593505,True,REGULAR,USD,2025-04-17
NDX250417C19800000,2024-11-04 19:28:31+00:00,19800.0,1499.7,2168.2,2193.0,0.0,0.0,9.0,12.0,0.26589984672069544,True,REGULAR,USD,2025-04-17
NDX250417C19900000,2024-11-05 17:14:23+00:00,19900.0,1543.0,2092.3,2116.3,0.0,0.0,2.0,12.0,0.2626988708877564,True,REGULAR,USD,2025-04-17
NDX250417C20000000,2024-10-31 14:27:12+00:00,20000.0,1390.0,2018.5,2040.7,0.0,0.0,1.0,2.0,0.25956941991329197,True,REGULAR,USD,2025-04-17
NDX250417C20100000,2024-07-12 19:44:00+00:00,20100.0,1928.7,800.6,827.4,0.0,0.0,1.0,1.0,1.0000000000000003e-05,True,REGULAR,USD,2025-04-17
NDX250417C20400000,2024-07-12 19:44:00+00:00,20400.0,1741.8,681.6,707.5,0.0,0.0,1.0,1.0,1.0000000000000003e-05,True,REGULAR,USD,2025-04-17
NDX250417C21000000,2024-11-08 20:01:12+00:00,21000.0,1338.17,1326.7,1346.9,88.170044,7.053603,1.0,9.0,0.23088890532970427,True,REGULAR,USD,2025-04-17
NDX250417C21100000,2024-10-07 14:40:23+00:00,21100.0,842.9,0.0,0.0,0.0,0.0,2.0,3.0,1.0000000000000003e-05,True,REGULAR,USD,2025-04-17
NDX250417C21200000,2024-10-07 14:40:23+00:00,21200.0,797.1,0.0,0.0,0.0,0.0,2.0,3.0,0.000986552734375,False,REGULAR,USD,2025-04-17
NDX250417C21700000,2024-10-04 13:56:42+00:00,21700.0,584.1,508.6,519.6,0.0,0.0,1.0,1.0,0.13687472402095796,False,REGULAR,USD,2025-04-17
NDX250417C21900000,2024-10-04 13:56:42+00:00,21900.0,513.8,441.4,451.8,0.0,0.0,1.0,1.0,0.13715891612529757,False,REGULAR,USD,2025-04-17
NDX250417C22000000,2024-10-08 17:35:07+00:00,22000.0,505.0,799.9,816.0,0.0,0.0,,1.0,0.21133281694173806,False,REGULAR,USD,2025-04-17
NDX250417C22100000,2024-10-09 15:26:22+00:00,22100.0,528.34,739.0,753.6,0.0,0.0,2.0,2.0,0.2063205932760238,False,REGULAR,USD,2025-04-17
NDX250417C22200000,2024-06-26 19:02:56+00:00,22200.0,609.6,365.3,377.5,0.0,0.0,,1.0,0.14044476812362672,False,REGULAR,USD,2025-04-17
NDX250417C22300000,2024-07-11 13:30:15+00:00,22300.0,958.9,195.6,209.4,0.0,0.0,,1.0,0.10997160217046735,False,REGULAR,USD,2025-04-17
NDX250417C22500000,2024-10-03 15:14:01+00:00,22500.0,301.9,299.8,312.1,0.0,0.0,,90.0,0.14296387363910676,False,REGULAR,USD,2025-04-17
NDX250417C22700000,2024-08-05 14:14:33+00:00,22700.0,136.0,173.6,173.5,0.0,0.0,,1.0,0.12009642271995542,False,REGULAR,USD,2025-04-17
NDX250417C22800000,2024-08-05 14:14:33+00:00,22800.0,126.0,150.2,160.8,0.0,0.0,1.0,5.0,0.12113782465934753,False,REGULAR,USD,2025-04-17
NDX250417C22900000,2024-10-17 20:14:32+00:00,22900.0,275.8,441.7,454.1,0.0,0.0,2.0,3.0,0.19371362172126774,False,REGULAR,USD,2025-04-17
NDX250417C23000000,2024-08-09 14:35:45+00:00,23000.0,117.0,85.5,98.8,0.0,0.0,1.0,4.0,0.11084873535156249,False,REGULAR,USD,2025-04-17
NDX250417C23500000,2024-11-08 15:11:03+00:00,23500.0,279.9,286.7,298.1,103.86,58.99796,1.0,3.0,0.18697311905860903,False,REGULAR,USD,2025-04-17
NDX250417C23600000,2024-11-06 14:42:12+00:00,23600.0,185.25,266.1,276.8,0.0,0.0,1.0,1.0,0.18597653936386105,False,REGULAR,USD,2025-04-17
NDX250417C23800000,2024-11-07 14:37:49+00:00,23800.0,202.45,228.8,238.7,0.0,0.0,1.0,2.0,0.1843138248205185,False,REGULAR,USD,2025-04-17
NDX250417C24000000,2024-11-07 14:37:49+00:00,24000.0,172.8,195.5,205.4,0.0,0.0,1.0,5.0,0.18287998982429501,False,REGULAR,USD,2025-04-17
NDX250417C24500000,2024-11-07 16:10:16+00:00,24500.0,130.5,131.4,139.5,0.0,0.0,1.0,2.0,0.1799860940504074,False,REGULAR,USD,2025-04-17
NDX250516C12600000,2024-05-10 14:21:44+00:00,12600.0,6214.0,6997.7,7045.2,0.0,0.0,,2.0,1.0000000000000003e-05,True,REGULAR,USD,2025-05-16
NDX250516C13200000,2024-08-06 14:40:34+00:00,13200.0,5591.0,6246.9,6315.4,0.0,0.0,,1.0,1.0000000000000003e-05,True,REGULAR,USD,2025-05-16
NDX250516C13400000,2024-08-06 14:38:02+00:00,13400.0,5405.7,6063.4,6137.6,0.0,0.0,,1.0,1.0000000000000003e-05,True,REGULAR,USD,2025-05-16
NDX250516C14400000,2024-08-06 14:30:42+00:00,14400.0,4498.1,5165.7,5230.4,0.0,0.0,,1.0,1.0000000000000003e-05,True,REGULAR,USD,2025-05-16
NDX250516C16400000,2024-05-24 17:28:51+00:00,16400.0,3602.2,4349.3,4395.0,0.0,0.0,1.0,2.0,1.0000000000000003e-05,True,REGULAR,USD,2025-05-16
NDX250516C16500000,2024-07-30 16:51:31+00:00,16500.0,3350.0,3727.2,3763.6,0.0,0.0,1.0,0.0,1.0000000000000003e-05,True,REGULAR,USD,2025-05-16
NDX250516C16700000,2024-05-24 17:28:51+00:00,16700.0,3366.6,4101.1,4146.2,0.0,0.0,1.0,1.0,1.0000000000000003e-05,True,REGULAR,USD,2025-05-16
NDX250516C17000000,2024-06-12 14:20:58+00:00,17000.0,3631.18,4414.3,4449.6,0.0,0.0,18.0,19.0,0.2977255477476119,True,REGULAR,USD,2025-05-16
NDX250516C17200000,2024-04-29 13:30:16+00:00,17200.0,2285.9,0.0,0.0,0.0,0.0,,1.0,1.0000000000000003e-05,True,REGULAR,USD,2025-05-16
NDX250516C17300000,2024-04-29 13:30:16+00:00,17300.0,2231.0,0.0,0.0,0.0,0.0,,1.0,1.0000000000000003e-05,True,REGULAR,USD,2025-05-16
NDX250516C17500000,2024-09-11 15:58:01+00:00,17500.0,2446.83,3568.6,3603.1,0.0,0.0,1.0,0.0,1.0000000000000003e-05,True,REGULAR,USD,2025-05-16
NDX250516C17700000,2024-07-05 19:58:07+00:00,17700.0,3835.72,2182.0,2342.6,0.0,0.0,4.0,2.0,1.0000000000000003e-05,True,REGULAR,USD,2025-05-16
NDX250516C17800000,2024-09-11 14:04:24+00:00,17800.0,2254.0,3321.2,3355.9,0.0,0.0,,1.0,0.14099789369583132,True,REGULAR,USD,2025-05-16
NDX250516C18000000,2024-07-11 16:47:59+00:00,18000.0,3453.07,2039.4,2065.8,0.0,0.0,1.0,3.0,1.0000000000000003e-05,True,REGULAR,USD,2025-05-16
NDX250516C18100000,2024-07-18 13:45:57+00:00,18100.0,3036.85,2626.9,2672.0,0.0,0.0,1.0,1.0,1.0000000000000003e-05,True,REGULAR,USD,2025-05-16
NDX250516C18200000,2024-07-18 14:03:03+00:00,18200.0,2967.27,2553.7,2598.4,0.0,0.0,2.0,1.0,1.0000000000000003e-05,True,REGULAR,USD,2025-05-16
NDX250516C18300000,2024-07-18 14:04:23+00:00,18300.0,2922.43,2481.3,2525.6,0.0,0.0,2.0,0.0,1.0000000000000003e-05,True,REGULAR,USD,2025-05-16
NDX250516C18400000,2024-07-18 14:21:45+00:00,18400.0,2823.05,2409.7,2453.6,0.0,0.0,2.0,1.0,1.0000000000000003e-05,True,REGULAR,USD,2025-05-16
NDX250516C18500000,2024-07-18 14:23:54+00:00,18500.0,2763.3,2338.9,2382.4,0.0,0.0,2.0,0.0,1.0000000000000003e-05,True,REGULAR,USD,2025-05-16
NDX250516C18600000,2024-07-18 14:32:36+00:00,18600.0,2598.4,2268.9,2312.0,0.0,0.0,2.0,0.0,1.0000000000000003e-05,True,REGULAR,USD,2025-05-16
NDX250516C18700000,2024-07-18 14:34:33+00:00,18700.0,2619.25,2199.8,2242.5,0.0,0.0,2.0,1.0,1.0000000000000003e-05,True,REGULAR,USD,2025-05-16
NDX250516C18800000,2024-07-18 14:36:09+00:00,18800.0,2432.47,2131.5,2173.8,0.0,0.0,2.0,2.0,1.0000000000000003e-05,True,REGULAR,USD,2025-05-16
NDX250516C18900000,2024-07-18 14:37:52+00:00,18900.0,2362.33,2064.2,2106.0,0.0,0.0,2.0,2.0,1.0000000000000003e-05,True,REGULAR,USD,2025-05-16
NDX250516C19000000,2024-07-18 14:41:22+00:00,19000.0,2307.31,1997.7,2039.2,0.0,0.0,2.0,3.0,1.0000000000000003e-05,True,REGULAR,USD,2025-05-16
NDX250516C19100000,2024-07-18 14:44:18+00:00,19100.0,2249.49,1932.3,1973.3,0.0,0.0,2.0,2.0,1.0000000000000003e-05,True,REGULAR,USD,2025-05-16
NDX250516C19200000,2024-07-18 14:45:06+00:00,19200.0,2138.95,1867.7,1908.3,0.0,0.0,2.0,1.0,1.0000000000000003e-05,True,REGULAR,USD,2025-05-16
NDX250516C19300000,2024-07-24 14:37:02+00:00,19300.0,1827.96,1922.5,1950.2,0.0,0.0,16.0,1.0,0.11917184471607209,True,REGULAR,USD,2025-05-16
NDX250516C19400000,2024-07-18 14:48:40+00:00,19400.0,2067.01,1741.6,1781.3,0.0,0.0,2.0,0.0,0.09165909265518188,True,REGULAR,USD,2025-05-16
NDX250516C19500000,2024-10-17 17:00:08+00:00,19500.0,2055.23,2526.6,2557.3,0.0,0.0,,1.0,0.2779875478029251,True,REGULAR,USD,2025-05-16
NDX250516C19600000,2024-10-17 16:59:03+00:00,19600.0,1978.29,2455.8,2473.1,0.0,0.0,2.0,1.0,0.2737516072678565,True,REGULAR,USD,2025-05-16
NDX250516C19700000,2024-10-28 16:08:50+00:00,19700.0,1953.55,2378.9,2396.0,0.0,0.0,2.0,13.0,0.2707244368410111,True,REGULAR,USD,2025-05-16
NDX250516C19800000,2024-10-28 16:07:59+00:00,19800.0,1878.85,2300.3,2319.9,0.0,0.0,2.0,11.0,0.267763784532547,True,REGULAR,USD,2025-05-16
NDX250516C19900000,2024-10-28 16:06:43+00:00,19900.0,1815.95,2228.8,2244.0,0.0,0.0,2.0,6.0,0.2647201633882522,True,REGULAR,USD,2025-05-16
NDX250516C20000000,2024-10-28 15:31:34+00:00,20000.0,1754.75,2153.6,2170.2,0.0,0.0,2.0,44.0,0.2619283097457886,True,REGULAR,USD,2025-05-16
NDX250516C20100000,2024-10-28 16:05:02+00:00,20100.0,1680.35,2081.4,2097.5,0.0,0.0,2.0,8.0,0.259201305308342,True,REGULAR,USD,2025-05-16
NDX250516C20200000,2024-10-28 14:40:00+00:00,20200.0,1651.4,2008.1,2024.3,0.0,0.0,2.0,5.0,0.25625519638776784,True,REGULAR,USD,2025-05-16
NDX250516C20300000,2024-10-21 16:51:15+00:00,20300.0,1492.15,1938.0,1951.8,0.0,0.0,2.0,9.0,0.2532981203222275,True,REGULAR,USD,2025-05-16
NDX250516C20400000,2024-10-21 16:52:03+00:00,20400.0,1432.75,1866.8,1882.5,0.0,0.0,2.0,12.0,0.25075326585769653,True,REGULAR,USD,2025-05-16
NDX250516C20500000,2024-11-06 18:02:02+00:00,20500.0,1550.0,1797.8,1813.3,0.0,0.0,1.0,2.0,0.24808062031269074,True,REGULAR,USD,2025-05-16
NDX250516C20600000,2024-08-05 15:08:06+00:00,20600.0,620.0,814.8,825.9,0.0,0.0,2.0,2.0,0.08775049755573272,True,REGULAR,USD,2025-05-16
NDX250516C20700000,2024-07-09 14:17:27+00:00,20700.0,1798.5,673.2,693.2,0.0,0.0,,0.0,0.07540721431255343,True,REGULAR,USD,2025-05-16
NDX250516C20800000,2024-09-30 15:57:20+00:00,20800.0,1117.28,1324.1,1335.6,0.0,0.0,2.0,1.0,0.19404549706459046,True,REGULAR,USD,2025-05-16
NDX250516C20900000,2024-10-15 13:31:17+00:00,20900.0,1265.3,1533.5,1548.0,0.0,0.0,1.0,34.0,0.23781155796527859,True,REGULAR,USD,2025-05-16
NDX250516C21100000,2024-08-06 18:09:29+00:00,21100.0,512.2,604.2,621.9,0.0,0.0,1.0,2.0,0.10087101759433748,True,REGULAR,USD,2025-05-16
NDX250516C21200000,2024-09-04 14:55:12+00:00,21200.0,595.8,881.3,892.5,0.0,0.0,1.0,1.0,0.15324581046104435,False,REGULAR,USD,2025-05-16
NDX250516C21300000,2024-10-14 18:15:04+00:00,21300.0,1060.37,1291.3,1303.3,0.0,0.0,4.0,7.0,0.22833642154693606,False,REGULAR,USD,2025-05-16
NDX250516C21400000,2024-09-05 18:11:24+00:00,21400.0,523.7,845.9,856.4,0.0,0.0,2.0,2.0,0.16203716923236844,False,REGULAR,USD,2025-05-16
NDX250516C21600000,2024-09-04 15:01:43+00:00,21600.0,478.6,706.7,719.3,0.0,0.0,,2.0,0.1530863100266457,False,REGULAR,USD,2025-05-16
NDX250516C21800000,2024-08-12 14:26:14+00:00,21800.0,366.77,349.4,356.6,0.0,0.0,,3.0,0.10374584007263182,False,REGULAR,USD,2025-05-16
NDX250516C22200000,2024-10-14 18:15:04+00:00,22200.0,664.6,829.0,839.1,0.0,0.0,2.0,3.0,0.21030142848253253,False,REGULAR,USD,2025-05-16
NDX250516C22400000,2024-08-20 14:29:19+00:00,22400.0,485.62,468.5,487.3,0.0,0.0,1.0,2.0,0.15984445548772808,False,REGULAR,USD,2025-05-16
NDX250516C22500000,2024-10-15 13:31:34+00:00,22500.0,556.0,703.1,711.4,0.0,0.0,1.0,255.0,0.20510633959531782,False,REGULAR,USD,2025-05-16
NDX250516C22600000,2024-10-25 14:41:40+00:00,22600.0,503.4,663.9,673.4,0.0,0.0,3.0,65.0,0.20373234706401824,False,REGULAR,USD,2025-05-16
NDX250516C22700000,2024-10-25 14:24:01+00:00,22700.0,474.0,626.4,634.1,0.0,0.0,2.0,10.0,0.20190274118423462,False,REGULAR,USD,2025-05-16
NDX250516C22800000,2024-10-25 14:01:53+00:00,22800.0,440.8,590.8,599.5,0.0,0.0,2.0,70.0,0.20069277899503704,False,REGULAR,USD,2025-05-16
NDX250516C22900000,2024-08-16 17:10:27+00:00,22900.0,318.14,270.1,277.9,0.0,0.0,1.0,5.0,0.14260052735805512,False,REGULAR,USD,2025-05-16
NDX250516C23000000,2024-08-05 14:31:06+00:00,23000.0,122.0,184.6,189.7,0.0,0.0,3.0,184.0,0.1266285496282577,False,REGULAR,USD,2025-05-16
NDX250516C23500000,2024-11-07 15:58:49+00:00,23500.0,375.25,380.5,388.0,0.0,0.0,1.0,17.0,0.1916951902151108,False,REGULAR,USD,2025-05-16
NDX250516C24000000,2024-08-19 14:41:54+00:00,24000.0,148.8,120.3,125.2,0.0,0.0,4.0,20.0,0.14474770360946654,False,REGULAR,USD,2025-05-16
NDX250516C24200000,2024-11-06 15:18:56+00:00,24200.0,162.72,235.5,241.9,0.0,0.0,1.0,2.0,0.1851363606929779,False,REGULAR,USD,2025-05-16
NDX250516C24400000,2024-10-30 13:57:38+00:00,24400.0,133.09,204.4,210.1,0.0,0.0,1.0,0.0,0.1836395838212967,False,REGULAR,USD,2025-05-16
NDX250516C24500000,2024-10-28 13:42:30+00:00,24500.0,113.05,190.3,195.8,0.0,0.0,1.0,13.0,0.18299586009502408,False,REGULAR,USD,2025-05-16
NDX250516C24600000,2024-11-06 15:18:56+00:00,24600.0,119.35,177.0,182.4,0.0,0.0,1.0,2.0,0.18239362078666688,False,REGULAR,USD,2025-05-16
NDX250620C10000000,2024-10-31 13:49:08+00:00,10000.0,10360.0,11367.6,11413.3,0.0,0.0,3.0,9.0,0.6771873330783846,True,REGULAR,USD,2025-06-20
NDX250620C10400000,2024-08-07 14:47:46+00:00,10400.0,8442.7,8495.0,8594.5,0.0,0.0,,1.0,1.0000000000000003e-05,True,REGULAR,USD,2025-06-20
NDX250620C12600000,2024-06-17 17:37:52+00:00,12600.0,7968.0,7855.5,7900.7,0.0,0.0,,1.0,1.0000000000000003e-05,True,REGULAR,USD,2025-06-20
NDX250620C14500000,2024-06-17 17:37:52+00:00,14500.0,6254.0,6140.2,6183.1,0.0,0.0,,2.0,1.0000000000000003e-05,True,REGULAR,USD,2025-06-20
NDX250620C16500000,2024-08-15 18:45:01+00:00,16500.0,3977.87,3878.2,3921.6,0.0,0.0,1.0,29.0,1.0000000000000003e-05,True,REGULAR,USD,2025-06-20
NDX250620C17200000,2024-07-09 14:29:19+00:00,17200.0,4426.8,2641.4,2719.8,0.0,0.0,18.0,18.0,1.0000000000000003e-05,True,REGULAR,USD,2025-06-20
NDX250620C17500000,2024-07-11 15:40:23+00:00,17500.0,4014.0,2453.9,2518.8,0.0,0.0,,1.0,1.0000000000000003e-05,True,REGULAR,USD,2025-06-20
NDX250620C17700000,2024-07-18 18:44:29+00:00,17700.0,3292.12,3029.4,3082.3,0.0,0.0,8.0,13.0,1.0000000000000003e-05,True,REGULAR,USD,2025-06-20
NDX250620C17800000,2024-08-29 19:01:02+00:00,17800.0,2774.9,3225.7,3262.3,0.0,0.0,1.0,0.0,1.0000000000000003e-05,True,REGULAR,USD,2025-06-20
NDX250620C17900000,2024-08-05 19:57:12+00:00,17900.0,2013.65,2396.5,2429.8,0.0,0.0,4.0,4.0,1.0000000000000003e-05,True,REGULAR,USD,2025-06-20
NDX250620C18000000,2024-07-18 19:19:34+00:00,18000.0,3052.99,2806.4,2858.3,0.0,0.0,16.0,72.0,1.0000000000000003e-05,True,REGULAR,USD,2025-06-20
NDX250620C18100000,2024-07-19 14:05:44+00:00,18100.0,3039.01,2733.5,2784.9,0.0,0.0,8.0,7.0,1.0000000000000003e-05,True,REGULAR,USD,2025-06-20
NDX250620C18200000,2024-11-07 15:22:35+00:00,18200.0,3630.75,3719.0,3759.2,0.0,0.0,1.0,64.0,0.3205419776010513,True,REGULAR,USD,2025-06-20
NDX250620C18300000,2024-11-07 15:22:35+00:00,18300.0,3547.15,3634.8,3674.7,0.0,0.0,1.0,10.0,0.3172668543314934,True,REGULAR,USD,2025-06-20
NDX250620C18400000,2024-09-26 16:07:37+00:00,18400.0,2843.36,3008.2,3032.0,0.0,0.0,2.0,3.0,0.1977061393213272,True,REGULAR,USD,2025-06-20
NDX250620C18500000,2024-10-14 16:36:07+00:00,18500.0,3037.6,3467.8,3507.3,0.0,0.0,22.0,54.0,0.3108322396469116,True,REGULAR,USD,2025-06-20
NDX250620C18600000,2024-09-03 18:04:39+00:00,18600.0,2020.8,2519.3,2533.4,0.0,0.0,1.0,7.0,0.08554991607666017,True,REGULAR,USD,2025-06-20
NDX250620C18700000,2024-11-07 19:01:23+00:00,18700.0,3276.07,3303.0,3342.0,0.0,0.0,1.0,11.0,0.3045218397998809,True,REGULAR,USD,2025-06-20
NDX250620C18800000,2024-10-02 15:49:55+00:00,18800.0,2417.55,2491.8,2506.2,0.0,0.0,2.0,8.0,0.14679426822662356,True,REGULAR,USD,2025-06-20
NDX250620C18900000,2024-09-26 15:55:35+00:00,18900.0,2474.6,2628.9,2647.5,0.0,0.0,2.0,6.0,0.19728652681827547,True,REGULAR,USD,2025-06-20
NDX250620C19000000,2024-10-09 19:01:00+00:00,19000.0,2555.42,3060.2,3098.4,0.0,0.0,1.0,73.0,0.29530514653682705,True,REGULAR,USD,2025-06-20
NDX250620C19100000,2024-10-02 15:48:37+00:00,19100.0,2206.45,2277.2,2291.3,0.0,0.0,2.0,4.0,0.15330159985065464,True,REGULAR,USD,2025-06-20
NDX250620C19200000,2024-09-26 15:46:07+00:00,19200.0,2259.0,2409.0,2427.0,0.0,0.0,1.0,12.0,0.1965154888439178,True,REGULAR,USD,2025-06-20
NDX250620C19300000,2024-10-02 17:31:33+00:00,19300.0,2038.4,2139.5,2152.0,0.0,0.0,2.0,8.0,0.15626320582389833,True,REGULAR,USD,2025-06-20
NDX250620C19400000,2024-10-25 16:53:18+00:00,19400.0,2390.3,2745.7,2782.7,0.0,0.0,2.0,8.0,0.2835006838941574,True,REGULAR,USD,2025-06-20
NDX250620C19500000,2024-11-07 15:09:04+00:00,19500.0,2603.4,2677.6,2694.0,0.0,0.0,2.0,28.0,0.278683961508274,True,REGULAR,USD,2025-06-20
NDX250620C19600000,2024-10-25 15:55:19+00:00,19600.0,2220.2,2601.4,2616.0,0.0,0.0,1.0,34.0,0.27560481635093687,True,REGULAR,USD,2025-06-20
NDX250620C19700000,2024-11-07 15:18:42+00:00,19700.0,2448.85,2523.0,2541.0,0.0,0.0,2.0,21.0,0.2729331244707107,True,REGULAR,USD,2025-06-20
NDX250620C19800000,2024-10-24 16:08:48+00:00,19800.0,1858.2,2450.4,2464.1,0.0,0.0,7.0,58.0,0.2698489725732803,True,REGULAR,USD,2025-06-20
NDX250620C19900000,2024-11-07 15:18:53+00:00,19900.0,2303.85,2376.7,2392.4,0.0,0.0,1.0,9.0,0.2675172621870041,True,REGULAR,USD,2025-06-20
NDX250620C20000000,2024-11-06 15:20:45+00:00,20000.0,2006.1,2301.4,2321.0,0.0,0.0,53.0,73.0,0.26512404042243953,True,REGULAR,USD,2025-06-20
NDX250620C20100000,2024-10-24 16:41:11+00:00,20100.0,1701.9,2232.6,2248.2,0.0,0.0,4.0,3.0,0.2623946518230439,True,REGULAR,USD,2025-06-20
NDX250620C20200000,2024-11-04 18:42:35+00:00,20200.0,1535.5,2158.6,2175.4,0.0,0.0,150.0,150.0,0.2595572606873513,True,REGULAR,USD,2025-06-20
NDX250620C20300000,2024-11-07 15:18:42+00:00,20300.0,2023.15,2090.7,2105.7,0.0,0.0,4.0,3.0,0.2571001433825493,True,REGULAR,USD,2025-06-20
NDX250620C20400000,2024-10-28 14:41:56+00:00,20400.0,1680.7,2022.3,2034.7,0.0,0.0,2.0,7.0,0.25432164104700095,True,REGULAR,USD,2025-06-20
NDX250620C20500000,2024-11-07 15:15:44+00:00,20500.0,1894.0,1952.6,1965.7,0.0,0.0,50.0,239.0,0.25173887840747833,True,REGULAR,USD,2025-06-20
NDX250620C20600000,2024-09-11 14:42:06+00:00,20600.0,769.5,1485.9,1498.2,0.0,0.0,1.0,4.0,0.18714692446470263,True,REGULAR,USD,2025-06-20
NDX250620C20700000,2024-11-07 15:18:53+00:00,20700.0,1759.95,1819.6,1832.2,0.0,0.0,1.0,9.0,0.246902367477417,True,REGULAR,USD,2025-06-20
NDX250620C20800000,2024-10-11 16:22:16+00:00,20800.0,1391.0,1754.8,1767.2,0.0,0.0,54.0,57.0,0.2445611204433441,True,REGULAR,USD,2025-06-20
NDX250620C20900000,2024-10-31 16:47:01+00:00,20900.0,1131.0,1691.9,1703.3,0.0,0.0,28.0,82.0,0.2422563510870933,True,REGULAR,USD,2025-06-20
NDX250620C21000000,2024-11-07 15:30:35+00:00,21000.0,1573.1,1629.3,1641.0,0.0,0.0,995.0,442.0,0.2400598226833343,True,REGULAR,USD,2025-06-20
NDX250620C21100000,2024-11-05 17:53:52+00:00,21100.0,1132.5,1567.1,1578.7,0.0,0.0,2.0,47.0,0.2377245360541343,True,REGULAR,USD,2025-06-20
NDX250620C21200000,2024-10-25 14:46:33+00:00,21200.0,1234.88,1506.8,1518.7,0.0,0.0,5.0,6.0,0.23559667151451108,False,REGULAR,USD,2025-06-20
NDX250620C21300000,2024-10-22 17:23:09+00:00,21300.0,1096.7,1447.1,1459.4,0.0,0.0,3.0,16.0,0.23342994513511656,False,REGULAR,USD,2025-06-20
NDX250620C21500000,2024-11-06 17:42:40+00:00,21500.0,1115.0,1333.7,1344.2,0.0,0.0,4.0,322.0,0.22916372574329377,False,REGULAR,USD,2025-06-20
NDX250620C21600000,2024-11-05 14:36:44+00:00,21600.0,830.0,1279.1,1288.7,0.0,0.0,1.0,6.0,0.22711835320711135,False,REGULAR,USD,2025-06-20
NDX250620C21700000,2024-11-08 17:36:01+00:00,21700.0,1230.0,1224.7,1234.6,180.0,17.142857,1.0,9.0,0.22512733956336972,False,REGULAR,USD,2025-06-20
NDX250620C21800000,2024-11-08 17:52:55+00:00,21800.0,1176.0,1172.2,1181.9,348.40002,42.097637,1.0,16.0,0.2231887774825096,False,REGULAR,USD,2025-06-20
NDX250620C21900000,2024-10-18 16:38:02+00:00,21900.0,817.0,1121.2,1130.5,0.0,0.0,2.0,6.0,0.22128454733371736,False,REGULAR,USD,2025-06-20
NDX250620C22000000,2024-11-08 15:22:11+00:00,22000.0,1060.2,1071.6,1080.6,24.199951,2.3359027,7.0,1146.0,0.21944349747657776,False,REGULAR,USD,2025-06-20
NDX250620C22100000,2024-10-16 15:22:42+00:00,22100.0,693.6,1023.4,1032.1,0.0,0.0,1.0,3.0,0.21764846194505688,False,REGULAR,USD,2025-06-20
NDX250620C22200000,2024-10-09 13:33:15+00:00,22200.0,669.0,0.0,0.0,0.0,0.0,1.0,6.0,0.007822421875,False,REGULAR,USD,2025-06-20
NDX250620C22300000,2024-08-15 14:52:20+00:00,22300.0,503.16,492.0,498.4,0.0,0.0,1.0,2.0,0.143897273042202,False,REGULAR,USD,2025-06-20
NDX250620C22400000,2024-09-13 17:41:48+00:00,22400.0,481.5,649.6,655.3,0.0,0.0,2.0,3.0,0.1744557919931412,False,REGULAR,USD,2025-06-20
NDX250620C22500000,2024-11-07 15:30:35+00:00,22500.0,811.95,844.8,852.2,0.0,0.0,780.0,780.0,0.2109215490055084,False,REGULAR,USD,2025-06-20
NDX250620C22600000,2024-08-12 18:19:44+00:00,22600.0,259.25,350.6,356.8,0.0,0.0,1.0,19.0,0.13340123847723007,False,REGULAR,USD,2025-06-20
NDX250620C22700000,2024-10-16 15:21:58+00:00,22700.0,498.6,763.8,770.6,0.0,0.0,2.0,15.0,0.2078044956731796,False,REGULAR,USD,2025-06-20
NDX250620C22800000,2024-10-21 14:00:00+00:00,22800.0,507.3,725.0,732.0,0.0,0.0,3.0,23.0,0.2063263152647018,False,REGULAR,USD,2025-06-20
NDX250620C22900000,2024-11-04 17:57:58+00:00,22900.0,372.5,688.9,695.4,0.0,0.0,14.0,310.0,0.2049916614055633,False,REGULAR,USD,2025-06-20
NDX250620C23000000,2024-10-24 14:04:37+00:00,23000.0,401.8,653.4,668.3,0.0,0.0,40.0,101.0,0.20506127893447873,False,REGULAR,USD,2025-06-20
NDX250620C23200000,2024-10-31 14:48:13+00:00,23200.0,314.4,585.1,591.2,0.0,0.0,,10.0,0.20080435777425765,False,REGULAR,USD,2025-06-20
NDX250620C23400000,2024-10-28 15:38:59+00:00,23400.0,353.86,523.0,528.8,0.0,0.0,2.0,3.0,0.19827833818912505,False,REGULAR,USD,2025-06-20
NDX250620C23500000,2024-10-16 13:59:49+00:00,23500.0,292.1,494.2,499.7,0.0,0.0,3.0,69.0,0.1971024695158005,False,REGULAR,USD,2025-06-20
NDX250620C24000000,2024-10-09 16:41:00+00:00,24000.0,249.4,366.0,372.0,0.0,0.0,2.0,728.0,0.1916785010814667,False,REGULAR,USD,2025-06-20
NDX250620C24500000,2024-11-06 17:39:19+00:00,24500.0,193.4,268.2,272.7,0.0,0.0,73.0,749.0,0.18724300619125367,False,REGULAR,USD,2025-06-20
NDX250620C24600000,2024-11-07 14:54:03+00:00,24600.0,224.69,251.5,255.3,0.0,0.0,2.0,2.0,0.1863303489971161,False,REGULAR,USD,2025-06-20
NDX250620C24800000,2024-11-07 18:36:01+00:00,24800.0,215.3,221.1,225.3,0.0,0.0,11.0,11.0,0.1851153800678253,False,REGULAR,USD,2025-06-20
NDX250620C25000000,2024-11-08 20:50:46+00:00,25000.0,196.8,193.9,197.9,8.0,4.237288,8.0,41.0,0.18384891324043273,False,REGULAR,USD,2025-06-20
NDX250620C30000000,2024-11-05 14:30:31+00:00,30000.0,2.9,7.7,9.6,0.0,0.0,1.0,2.0,0.18539861850738526,False,REGULAR,USD,2025-06-20
NDXP250630C13000000,2024-08-20 13:30:15+00:00,13000.0,7309.8,0.0,0.0,0.0,0.0,,1.0,1.0000000000000003e-05,True,REGULAR,USD,2025-06-30
NDXP250630C17000000,2024-08-01 13:30:16+00:00,17000.0,3581.4,3480.7,3680.7,0.0,0.0,,1.0,1.0000000000000003e-05,True,REGULAR,USD,2025-06-30
NDXP250630C17500000,2024-08-05 14:52:10+00:00,17500.0,2350.2,2704.9,2743.3,0.0,0.0,,1.0,1.0000000000000003e-05,True,REGULAR,USD,2025-06-30
NDXP250630C18000000,2024-09-13 13:30:16+00:00,18000.0,2673.9,3304.9,3344.8,0.0,0.0,1.0,1.0,0.19030379330158234,True,REGULAR,USD,2025-06-30
NDXP250630C18400000,2024-09-13 13:30:16+00:00,18400.0,2392.3,2995.7,3034.6,0.0,0.0,,1.0,0.19405646420955658,True,REGULAR,USD,2025-06-30
NDXP250630C19200000,2024-09-12 13:30:17+00:00,19200.0,1798.7,2412.0,2443.5,0.0,0.0,,2.0,0.1953791972589493,True,REGULAR,USD,2025-06-30
NDXP250630C19500000,2024-09-12 13:30:17+00:00,19500.0,1623.9,2203.5,2234.6,0.0,0.0,,1.0,0.194734519867897,True,REGULAR,USD,2025-06-30
NDXP250630C19600000,2024-07-22 14:23:40+00:00,19600.0,2100.0,1954.8,1989.4,0.0,0.0,,1.0,0.1631467582035065,True,REGULAR,USD,2025-06-30
NDXP250630C19700000,2024-10-14 13:48:34+00:00,19700.0,2220.0,2555.1,2581.8,0.0,0.0,1.0,10.0,0.2736750756692886,True,REGULAR,USD,2025-06-30
NDXP250630C19800000,2024-10-03 19:56:42+00:00,19800.0,1738.55,1834.2,1860.6,0.0,0.0,,10.0,0.16436291921377183,True,REGULAR,USD,2025-06-30
NDXP250630C20100000,2024-09-12 13:30:15+00:00,20100.0,1304.2,1814.1,1840.2,0.0,0.0,,1.0,0.19219157273292548,True,REGULAR,USD,2025-06-30
NDXP250630C20300000,2024-11-06 14:37:34+00:00,20300.0,1838.45,2122.1,2148.8,0.0,0.0,1.0,1.0,0.25822642148733144,True,REGULAR,USD,2025-06-30
NDXP250630C21300000,2024-09-12 13:30:15+00:00,21300.0,777.2,1137.9,1161.5,0.0,0.0,,1.0,0.18431358640432358,False,REGULAR,USD,2025-06-30
NDXP250630C22000000,2024-11-06 14:37:34+00:00,22000.0,893.45,1104.9,1125.0,0.0,0.0,1.0,7.0,0.22135941001892087,False,REGULAR,USD,2025-06-30
NDXP250630C22500000,2024-10-28 15:32:16+00:00,22500.0,640.8,876.5,893.7,0.0,0.0,6.0,7.0,0.2127900167250633,False,REGULAR,USD,2025-06-30
NDXP250630C23000000,2024-08-06 13:36:51+00:00,23000.0,199.8,0.0,0.0,0.0,0.0,,3.0,0.015634843750000002,False,REGULAR,USD,2025-06-30
NDXP250630C23500000,2024-09-09 13:30:18+00:00,23500.0,150.9,0.0,0.0,0.0,0.0,1.0,7.0,0.015634843750000002,False,REGULAR,USD,2025-06-30
NDXP250630C24000000,2024-11-07 17:28:19+00:00,24000.0,387.63,388.8,403.0,0.0,0.0,5.0,12.0,0.19367452146530154,False,REGULAR,USD,2025-06-30
NDXP250630C24500000,2024-10-01 17:54:44+00:00,24500.0,142.0,138.3,149.2,0.0,0.0,2.0,16.0,0.15180911447048187,False,REGULAR,USD,2025-06-30
NDX250718C14000000,2024-08-08 13:47:56+00:00,14000.0,4888.0,5116.0,5193.8,0.0,0.0,,1.0,1.0000000000000003e-05,True,REGULAR,USD,2025-07-18
NDX250718C18200000,2024-08-22 16:17:18+00:00,18200.0,2891.07,2828.5,2879.2,0.0,0.0,,1.0,1.0000000000000003e-05,True,REGULAR,USD,2025-07-18
NDX250718C18400000,2024-10-28 16:00:52+00:00,18400.0,3156.15,3651.1,3694.3,0.0,0.0,2.0,2.0,0.31460112285614006,True,REGULAR,USD,2025-07-18
NDX250718C18500000,2024-10-28 16:00:02+00:00,18500.0,3079.85,3569.1,3612.1,0.0,0.0,2.0,2.0,0.3115908799791336,True,REGULAR,USD,2025-07-18
NDX250718C18600000,2024-10-28 15:59:04+00:00,18600.0,3000.75,3487.1,3530.3,0.0,0.0,2.0,3.0,0.30858826642036435,True,REGULAR,USD,2025-07-18
NDX250718C18700000,2024-10-28 15:58:01+00:00,18700.0,2930.4,3406.7,3449.2,0.0,0.0,,1.0,0.3056428727483749,True,REGULAR,USD,2025-07-18
NDX250718C18800000,2024-11-04 18:07:16+00:00,18800.0,2534.3,3326.4,3368.6,0.0,0.0,1.0,2.0,0.3027167907881737,True,REGULAR,USD,2025-07-18
NDX250718C18900000,2024-11-04 18:05:37+00:00,18900.0,2477.3,3246.6,3288.5,0.0,0.0,2.0,4.0,0.2998073979616165,True,REGULAR,USD,2025-07-18
NDX250718C19000000,2024-11-04 18:06:50+00:00,19000.0,2402.6,3166.9,3209.1,0.0,0.0,2.0,2.0,0.29694521154165254,True,REGULAR,USD,2025-07-18
NDX250718C19100000,2024-11-04 18:24:36+00:00,19100.0,2368.2,3089.0,3130.3,0.0,0.0,1.0,2.0,0.2941102045679092,True,REGULAR,USD,2025-07-18
NDX250718C19200000,2024-10-28 15:51:00+00:00,19200.0,2576.72,3012.1,3052.1,0.0,0.0,,0.0,0.29129975446224204,True,REGULAR,USD,2025-07-18
NDX250718C19300000,2024-10-28 15:50:16+00:00,19300.0,2495.0,2933.9,2974.6,0.0,0.0,,1.0,0.28852649728298174,True,REGULAR,USD,2025-07-18
NDX250718C19400000,2024-10-28 15:49:08+00:00,19400.0,2425.5,2868.8,2885.4,0.0,0.0,,1.0,0.2838068102884292,True,REGULAR,USD,2025-07-18
NDX250718C19500000,2024-10-28 15:48:14+00:00,19500.0,2354.3,2792.8,2809.3,0.0,0.0,,0.0,0.2811167603611945,True,REGULAR,USD,2025-07-18
NDX250718C19600000,2024-11-04 18:07:02+00:00,19600.0,1995.0,2717.5,2733.9,0.0,0.0,1.0,1.0,0.27845341304779053,True,REGULAR,USD,2025-07-18
NDX250718C19700000,2024-10-28 15:46:38+00:00,19700.0,2214.89,2643.0,2659.2,0.0,0.0,2.0,1.0,0.27581414577007285,True,REGULAR,USD,2025-07-18
NDX250718C19800000,2024-10-28 15:45:39+00:00,19800.0,2144.15,2568.2,2586.6,0.0,0.0,,0.0,0.27341114894151686,True,REGULAR,USD,2025-07-18
NDX250718C19900000,2024-11-04 15:50:33+00:00,19900.0,1868.76,2495.3,2513.5,0.0,0.0,2.0,1.0,0.2708388766145706,True,REGULAR,USD,2025-07-18
NDX250718C20000000,2024-11-06 16:47:50+00:00,20000.0,2123.4,2424.2,2442.6,0.0,0.0,1.0,4.0,0.2685088351416587,True,REGULAR,USD,2025-07-18
NDX250718C20100000,2024-11-07 19:09:57+00:00,20100.0,2333.4,2351.9,2369.7,0.0,0.0,1.0,1.0,0.26577944654226304,True,REGULAR,USD,2025-07-18
NDX250718C20200000,2024-10-28 15:40:32+00:00,20200.0,1885.5,2282.5,2297.9,0.0,0.0,,0.0,0.2631211059689522,True,REGULAR,USD,2025-07-18
NDX250718C20300000,2024-10-28 14:44:17+00:00,20300.0,1858.68,2212.0,2229.4,0.0,0.0,,0.0,0.26085662894964223,True,REGULAR,USD,2025-07-18
NDX250718C20500000,2024-09-13 13:30:26+00:00,20500.0,1236.0,1650.9,1669.4,0.0,0.0,1.0,2.0,0.19373650967597963,True,REGULAR,USD,2025-07-18
NDX250718C20700000,2024-09-13 14:30:12+00:00,20700.0,1153.9,1534.2,1551.1,0.0,0.0,,1.0,0.19192406976222995,True,REGULAR,USD,2025-07-18
NDX250718C21000000,2024-08-05 14:00:33+00:00,21000.0,800.3,840.1,868.5,0.0,0.0,,1.0,0.11553981240272525,True,REGULAR,USD,2025-07-18
NDX250718C21300000,2024-09-13 13:30:16+00:00,21300.0,865.4,1216.2,1229.7,0.0,0.0,,1.0,0.18735482338666914,False,REGULAR,USD,2025-07-18
NDX250718C21400000,2024-08-05 13:36:39+00:00,21400.0,637.5,0.0,0.0,0.0,0.0,,1.0,0.0039162109375,False,REGULAR,USD,2025-07-18
NDX250718C21700000,2024-08-05 14:00:33+00:00,21700.0,628.0,593.5,615.8,0.0,0.0,,1.0,0.12325186105966568,False,REGULAR,USD,2025-07-18
NDX250718C21800000,2024-08-06 13:32:14+00:00,21800.0,437.2,0.0,0.0,0.0,0.0,,7.0,0.007822421875,False,REGULAR,USD,2025-07-18
NDX250718C21900000,2024-09-13 13:30:16+00:00,21900.0,650.6,937.9,950.5,0.0,0.0,,5.0,0.18274695358753204,False,REGULAR,USD,2025-07-18
NDX250718C22000000,2024-08-06 13:32:31+00:00,22000.0,394.6,0.0,0.0,0.0,0.0,,4.0,0.007822421875,False,REGULAR,USD,2025-07-18
NDX250718C24000000,2024-10-16 16:02:48+00:00,24000.0,274.95,448.7,456.2,0.0,0.0,,1.0,0.19649951495885845,False,REGULAR,USD,2025-07-18
NDX250718C24400000,2024-10-16 13:30:16+00:00,24400.0,219.4,357.4,363.9,0.0,0.0,,2.0,0.19250914310455325,False,REGULAR,USD,2025-07-18
NDX250718C30000000,2024-10-29 18:58:48+00:00,30000.0,10.5,11.4,14.8,0.0,0.0,,1.0,0.1845975400924682,False,REGULAR,USD,2025-07-18
NDX250815C19400000,2024-10-25 19:00:59+00:00,19400.0,2524.4,2968.9,3004.5,0.0,0.0,1.0,1.0,0.28727576592445364,True,REGULAR,USD,2025-08-15
NDX250815C20000000,2024-10-25 19:00:59+00:00,20000.0,2119.65,2536.7,2557.8,0.0,0.0,1.0,1.0,0.2713447957801819,True,REGULAR,USD,2025-08-15
NDX250815C20300000,2024-10-30 14:40:07+00:00,20300.0,2026.0,2327.6,2346.3,0.0,0.0,,1.0,0.2639944244909287,True,REGULAR,USD,2025-08-15
NDX250815C21000000,2024-11-08 18:58:17+00:00,21000.0,1890.0,1871.6,1886.9,3.5,0.18552876,1.0,2.0,0.24833691772222521,True,REGULAR,USD,2025-08-15
NDX250815C29500000,2024-11-01 14:01:38+00:00,29500.0,9.7,22.7,26.7,0.0,0.0,1.0,3.0,0.18249184825897213,False,REGULAR,USD,2025-08-15
NDX250815C30000000,2024-11-01 14:01:38+00:00,30000.0,6.9,17.1,21.0,0.0,0.0,1.0,2.0,0.18363433866500853,False,REGULAR,USD,2025-08-15
NDX250919C13000000,2024-10-16 18:21:15+00:00,13000.0,7790.9,8629.2,8690.8,0.0,0.0,,1.0,0.4975083056068421,True,REGULAR,USD,2025-09-19
NDX250919C15000000,2024-08-08 13:49:56+00:00,15000.0,4219.34,4164.0,4714.0,0.0,0.0,,1.0,1.0000000000000003e-05,True,REGULAR,USD,2025-09-19
NDX250919C15100000,2024-09-05 13:39:10+00:00,15100.0,4860.0,5755.3,5814.9,0.0,0.0,,1.0,1.0000000000000003e-05,True,REGULAR,USD,2025-09-19
NDX250919C15700000,2024-08-14 13:52:29+00:00,15700.0,4378.0,4640.0,4840.0,0.0,0.0,1.0,1.0,1.0000000000000003e-05,True,REGULAR,USD,2025-09-19
NDX250919C16100000,2024-08-19 18:08:01+00:00,16100.0,4648.0,4068.3,4618.3,0.0,0.0,1.0,1.0,1.0000000000000003e-05,True,REGULAR,USD,2025-09-19
NDX250919C16700000,2024-09-19 13:30:17+00:00,16700.0,4201.2,4627.0,4676.0,0.0,0.0,,1.0,0.22493279194831847,True,REGULAR,USD,2025-09-19
NDX250919C17500000,2024-10-23 15:46:07+00:00,17500.0,3893.75,4591.3,4646.5,0.0,0.0,1.0,2.0,0.33987228585243223,True,REGULAR,USD,2025-09-19
NDX250919C18300000,2024-08-27 14:33:34+00:00,18300.0,2926.0,3221.4,3259.2,0.0,0.0,,1.0,0.19591515686511998,True,REGULAR,USD,2025-09-19
NDX250919C19100000,2024-11-07 15:32:44+00:00,19100.0,3235.9,3257.4,3361.0,0.0,0.0,1.0,1.0,0.2967656841468811,True,REGULAR,USD,2025-09-19
NDX250919C19400000,2024-11-01 15:44:29+00:00,19400.0,2463.22,3085.5,3135.3,0.0,0.0,3.0,3.0,0.2894007694697379,True,REGULAR,USD,2025-09-19
NDX250919C19500000,2024-11-07 15:34:04+00:00,19500.0,2927.25,3011.9,3060.6,0.0,0.0,3.0,4.0,0.286892631099224,True,REGULAR,USD,2025-09-19
NDX250919C19700000,2024-10-25 18:38:52+00:00,19700.0,2447.55,2866.5,2914.7,0.0,0.0,1.0,3.0,0.2821631690406799,True,REGULAR,USD,2025-09-19
NDX250919C19800000,2024-11-07 14:53:26+00:00,19800.0,2700.21,2794.9,2843.4,0.0,0.0,2.0,3.0,0.279920864727497,True,REGULAR,USD,2025-09-19
NDX250919C19900000,2024-10-07 17:06:07+00:00,19900.0,2094.01,2517.0,2547.1,0.0,0.0,10.0,20.0,0.24691404987096785,True,REGULAR,USD,2025-09-19
NDX250919C20000000,2024-10-25 18:56:14+00:00,20000.0,2249.3,2653.9,2701.7,0.0,0.0,2.0,16.0,0.2753392207098007,True,REGULAR,USD,2025-09-19
NDX250919C20100000,2024-11-07 15:32:44+00:00,20100.0,2518.9,2584.4,2631.3,0.0,0.0,1.0,2.0,0.2729979736757278,True,REGULAR,USD,2025-09-19
NDX250919C20200000,2024-11-07 15:35:31+00:00,20200.0,2440.65,2515.8,2562.2,0.0,0.0,1.0,14.0,0.2707549541139603,True,REGULAR,USD,2025-09-19
NDX250919C20300000,2024-11-07 15:36:27+00:00,20300.0,2387.45,2447.9,2494.0,0.0,0.0,5.0,30.0,0.26855389580249783,True,REGULAR,USD,2025-09-19
NDX250919C20500000,2024-11-08 16:46:10+00:00,20500.0,2302.65,2313.4,2361.1,21.98999,0.9641942,1.0,5.0,0.26437231415987017,True,REGULAR,USD,2025-09-19
NDX250919C20600000,2024-11-08 20:16:25+00:00,20600.0,2271.35,2248.2,2294.4,313.82007,16.031431,2.0,5.0,0.26212452627420424,True,REGULAR,USD,2025-09-19
NDX250919C20900000,2024-11-06 14:30:42+00:00,20900.0,1739.5,2057.1,2102.4,0.0,0.0,1.0,16.0,0.25592475154161454,True,REGULAR,USD,2025-09-19
NDX250919C21000000,2024-11-08 20:16:25+00:00,21000.0,2017.24,1995.9,2040.5,663.24,48.983753,1.0,30.0,0.2539523343610764,True,REGULAR,USD,2025-09-19
NDX250919C21200000,2024-10-23 19:55:00+00:00,21200.0,1339.0,1875.7,1920.1,0.0,0.0,,3.0,0.25016866934776305,False,REGULAR,USD,2025-09-19
NDX250919C21400000,2024-11-07 18:44:08+00:00,21400.0,1730.25,1757.5,1800.8,0.0,0.0,1.0,4.0,0.24614730338811874,False,REGULAR,USD,2025-09-19
NDX250919C21500000,2024-11-08 20:06:01+00:00,21500.0,1718.55,1700.5,1743.3,359.05005,26.410448,2.0,2.0,0.24426572277784347,False,REGULAR,USD,2025-09-19
NDX250919C21600000,2024-10-30 20:11:45+00:00,21600.0,1340.5,1644.5,1686.9,0.0,0.0,,1.0,0.24242491133689875,False,REGULAR,USD,2025-09-19
NDX250919C21700000,2024-10-25 14:44:12+00:00,21700.0,1336.5,1589.5,1631.6,0.0,0.0,1.0,1.0,0.2406236769843101,False,REGULAR,USD,2025-09-19
NDX250919C22000000,2024-10-11 18:36:49+00:00,22000.0,1130.0,1430.9,1471.7,0.0,0.0,3.0,5.0,0.23536302364349365,False,REGULAR,USD,2025-09-19
NDX250919C22300000,2024-10-21 15:07:04+00:00,22300.0,942.2,1282.0,1321.5,0.0,0.0,,2.0,0.23037940992116926,False,REGULAR,USD,2025-09-19
NDX250919C22500000,2024-09-26 15:51:25+00:00,22500.0,845.3,894.8,920.5,0.0,0.0,10.0,11.0,0.1870377298474312,False,REGULAR,USD,2025-09-19
NDX250919C22600000,2024-08-07 13:31:13+00:00,22600.0,418.0,0.0,0.0,0.0,0.0,,1.0,0.015634843750000002,False,REGULAR,USD,2025-09-19
NDX250919C22700000,2024-08-07 13:31:15+00:00,22700.0,394.0,0.0,0.0,0.0,0.0,,1.0,0.015634843750000002,False,REGULAR,USD,2025-09-19
NDX250919C22900000,2024-08-20 14:38:42+00:00,22900.0,652.0,632.0,712.0,0.0,0.0,1.0,1.0,0.17526473814249038,False,REGULAR,USD,2025-09-19
NDX250919C23000000,2024-10-16 16:02:48+00:00,23000.0,676.89,974.3,1010.0,0.0,0.0,1.0,3.0,0.2198557190775871,False,REGULAR,USD,2025-09-19
NDX250919C23200000,2024-10-18 18:01:20+00:00,23200.0,650.5,895.4,930.6,0.0,0.0,1.0,1.0,0.2170619581055641,False,REGULAR,USD,2025-09-19
NDX250919C23500000,2024-10-23 15:46:07+00:00,23500.0,518.4,786.6,820.6,0.0,0.0,1.0,2.0,0.21320247674226764,False,REGULAR,USD,2025-09-19
NDX250919C24000000,2024-10-29 14:11:31+00:00,24000.0,460.4,628.3,658.1,0.0,0.0,12.0,34.0,0.20723754196166988,False,REGULAR,USD,2025-09-19
NDX250919C24500000,2024-09-19 13:30:18+00:00,24500.0,263.5,330.4,353.8,0.0,0.0,3.0,21.0,0.17331711624622345,False,REGULAR,USD,2025-09-19
NDX250919C25000000,2024-10-16 16:02:48+00:00,25000.0,244.69,385.8,412.1,0.0,0.0,1.0,17.0,0.19803133901119235,False,REGULAR,USD,2025-09-19
NDX250919C25500000,2024-11-06 14:30:28+00:00,25500.0,204.0,298.4,320.3,0.0,0.0,1.0,3.0,0.19412536648988726,False,REGULAR,USD,2025-09-19
NDX250919C26000000,2024-11-07 20:20:18+00:00,26000.0,239.9,230.2,247.0,0.0,0.0,5.0,7.0,0.19083498458385464,False,REGULAR,USD,2025-09-19
NDX250919C26500000,2024-10-29 13:31:21+00:00,26500.0,110.0,175.6,190.1,0.0,0.0,,1.0,0.1883225547218323,False,REGULAR,USD,2025-09-19
NDX250919C27000000,2024-11-06 17:23:45+00:00,27000.0,101.0,133.0,146.5,0.0,0.0,1.0,3.0,0.18654015524864198,False,REGULAR,USD,2025-09-19
NDX250919C28500000,2024-11-06 14:30:30+00:00,28500.0,36.0,57.6,68.0,0.0,0.0,3.0,5.0,0.18419318622589115,False,REGULAR,USD,2025-09-19
NDX250919C29000000,2024-11-06 14:30:46+00:00,29000.0,26.0,43.4,53.1,0.0,0.0,2.0,6.0,0.18417411293029787,False,REGULAR,USD,2025-09-19
NDX250919C29500000,2024-11-01 14:01:23+00:00,29500.0,16.0,33.2,41.7,0.0,0.0,1.0,3.0,0.18444495372772213,False,REGULAR,USD,2025-09-19
NDX250919C30000000,2024-11-06 14:36:36+00:00,30000.0,12.9,25.1,33.0,0.0,0.0,1.0,6.0,0.18500284762382502,False,REGULAR,USD,2025-09-19
NDXP250930C18900000,2024-10-31 13:30:48+00:00,18900.0,2915.2,3496.3,3551.7,0.0,0.0,,1.0,0.3020568547606468,True,REGULAR,USD,2025-09-30
NDXP250930C19200000,2024-10-29 18:30:52+00:00,19200.0,2941.13,3268.8,3323.4,0.0,0.0,,2.0,0.29467930402517317,True,REGULAR,USD,2025-09-30
NDXP250930C19700000,2024-10-31 13:30:48+00:00,19700.0,2380.6,2902.1,2954.1,0.0,0.0,,1.0,0.2827143872833252,True,REGULAR,USD,2025-09-30
NDXP250930C20200000,2024-10-29 14:46:23+00:00,20200.0,2184.0,2553.5,2603.7,0.0,0.0,,1.0,0.27160538468122475,True,REGULAR,USD,2025-09-30
NDXP250930C21000000,2024-10-25 13:30:46+00:00,21000.0,1670.3,2035.5,2082.8,0.0,0.0,1.0,1.0,0.2550001735377313,True,REGULAR,USD,2025-09-30
NDXP250930C21200000,2024-10-25 13:30:45+00:00,21200.0,1563.6,1914.8,1960.9,0.0,0.0,1.0,1.0,0.25106439899206157,False,REGULAR,USD,2025-09-30
NDXP250930C21300000,2024-10-25 13:30:45+00:00,21300.0,1510.7,1855.8,1902.0,0.0,0.0,1.0,1.0,0.24921953447580336,False,REGULAR,USD,2025-09-30
NDXP250930C21400000,2024-10-30 13:30:38+00:00,21400.0,1555.3,1794.4,1841.3,0.0,0.0,1.0,4.0,0.24705614592313768,False,REGULAR,USD,2025-09-30
NDX251219C04000000,2024-10-11 15:38:15+00:00,4000.0,16338.89,17158.0,17358.0,0.0,0.0,1.0,7.0,0.9142960535812379,True,REGULAR,USD,2025-12-19
NDX251219C04200000,2023-08-04 13:30:26+00:00,4200.0,11528.2,11310.2,11860.2,0.0,0.0,1.0,1.0,1.0000000000000003e-05,True,REGULAR,USD,2025-12-19
NDX251219C04400000,2023-08-29 13:30:18+00:00,4400.0,10965.8,0.0,0.0,0.0,0.0,,1.0,1.0000000000000003e-05,True,REGULAR,USD,2025-12-19
NDX251219C04600000,2023-08-04 13:30:28+00:00,4600.0,11177.1,10958.6,11508.6,0.0,0.0,1.0,1.0,1.0000000000000003e-05,True,REGULAR,USD,2025-12-19
NDX251219C05100000,2023-08-28 13:30:15+00:00,5100.0,10355.2,9790.0,9990.0,0.0,0.0,,1.0,1.0000000000000003e-05,True,REGULAR,USD,2025-12-19
NDX251219C05200000,2023-08-28 13:30:15+00:00,5200.0,10268.3,9702.0,9902.0,0.0,0.0,,1.0,1.0000000000000003e-05,True,REGULAR,USD,2025-12-19
NDX251219C06000000,2024-10-11 15:38:15+00:00,6000.0,14448.04,15264.0,15464.0,0.0,0.0,1.0,4.0,0.7847406932640075,True,REGULAR,USD,2025-12-19
NDX251219C06600000,2023-08-08 13:30:15+00:00,6600.0,9285.9,0.0,0.0,0.0,0.0,1.0,2.0,1.0000000000000003e-05,True,REGULAR,USD,2025-12-19
NDX251219C06700000,2023-08-08 13:30:15+00:00,6700.0,9201.0,0.0,0.0,0.0,0.0,,1.0,1.0000000000000003e-05,True,REGULAR,USD,2025-12-19
NDX251219C07000000,2023-08-04 13:30:15+00:00,7000.0,9103.2,8882.5,9432.5,0.0,0.0,1.0,1.0,1.0000000000000003e-05,True,REGULAR,USD,2025-12-19
NDX251219C07800000,2023-08-04 13:30:25+00:00,7800.0,8439.8,8205.5,8755.5,0.0,0.0,1.0,1.0,1.0000000000000003e-05,True,REGULAR,USD,2025-12-19
NDX251219C08400000,2023-08-04 13:30:26+00:00,8400.0,7942.4,7701.6,8251.6,0.0,0.0,1.0,1.0,1.0000000000000003e-05,True,REGULAR,USD,2025-12-19
NDX251219C08500000,2023-08-04 13:30:26+00:00,8500.0,7860.1,7618.6,8168.6,0.0,0.0,1.0,1.0,1.0000000000000003e-05,True,REGULAR,USD,2025-12-19
NDX251219C08700000,2023-08-04 13:30:15+00:00,8700.0,7688.7,7452.7,8002.7,0.0,0.0,1.0,1.0,1.0000000000000003e-05,True,REGULAR,USD,2025-12-19
NDX251219C08800000,2023-07-07 13:31:45+00:00,8800.0,7319.6,7236.9,7786.9,0.0,0.0,1.0,1.0,1.0000000000000003e-05,True,REGULAR,USD,2025-12-19
NDX251219C10400000,2023-03-27 14:26:13+00:00,10400.0,4074.9,3898.0,4098.0,0.0,0.0,,12.0,1.0000000000000003e-05,True,REGULAR,USD,2025-12-19
NDX251219C11000000,2024-08-13 13:30:15+00:00,11000.0,8351.1,0.0,0.0,0.0,0.0,,1.0,1.0000000000000003e-05,True,REGULAR,USD,2025-12-19
NDX251219C12000000,2024-09-04 13:30:15+00:00,12000.0,7548.0,0.0,0.0,0.0,0.0,,34.0,1.0000000000000003e-05,True,REGULAR,USD,2025-12-19
NDX251219C12100000,2024-05-06 13:30:15+00:00,12100.0,6796.0,0.0,0.0,0.0,0.0,,1.0,1.0000000000000003e-05,True,REGULAR,USD,2025-12-19
NDX251219C12200000,2024-05-06 13:30:15+00:00,12200.0,6706.0,0.0,0.0,0.0,0.0,,15.0,1.0000000000000003e-05,True,REGULAR,USD,2025-12-19
NDX251219C12400000,2024-06-14 18:51:05+00:00,12400.0,8175.98,8692.0,8892.0,0.0,0.0,,1.0,0.33936398252487177,True,REGULAR,USD,2025-12-19
NDX251219C12500000,2024-06-14 18:59:58+00:00,12500.0,8095.67,8602.0,8802.0,0.0,0.0,1.0,13.0,0.3394650709915161,True,REGULAR,USD,2025-12-19
NDX251219C12600000,2024-09-04 13:30:15+00:00,12600.0,7017.1,0.0,0.0,0.0,0.0,4.0,56.0,1.0000000000000003e-05,True,REGULAR,USD,2025-12-19
NDX251219C12700000,2024-06-14 18:59:58+00:00,12700.0,7921.66,8426.0,8626.0,0.0,0.0,1.0,7.0,0.3407782673931122,True,REGULAR,USD,2025-12-19
NDX251219C12800000,2024-06-14 18:51:05+00:00,12800.0,7829.23,8336.0,8536.0,0.0,0.0,,1.0,0.34035770122528075,True,REGULAR,USD,2025-12-19
NDX251219C12900000,2024-05-28 13:30:17+00:00,12900.0,7028.82,7800.0,8000.0,0.0,0.0,1.0,2.0,1.0000000000000003e-05,True,REGULAR,USD,2025-12-19
NDX251219C13000000,2024-05-28 13:30:17+00:00,13000.0,6944.39,7708.0,7908.0,0.0,0.0,1.0,9.0,1.0000000000000003e-05,True,REGULAR,USD,2025-12-19
NDX251219C13100000,2023-12-20 14:45:59+00:00,13100.0,5124.5,5462.0,5662.0,0.0,0.0,1.0,0.0,1.0000000000000003e-05,True,REGULAR,USD,2025-12-19
NDX251219C13500000,2024-02-21 20:21:30+00:00,13500.0,5246.0,6042.0,6242.0,0.0,0.0,1.0,15.0,1.0000000000000003e-05,True,REGULAR,USD,2025-12-19
NDX251219C13700000,2023-02-02 14:49:44+00:00,13700.0,1998.4,1764.0,1964.0,0.0,0.0,1.0,0.0,1.0000000000000003e-05,True,REGULAR,USD,2025-12-19
NDX251219C14000000,2024-06-06 14:54:31+00:00,14000.0,6255.0,7424.2,7508.7,0.0,0.0,4.0,26.0,0.34187355139255515,True,REGULAR,USD,2025-12-19
NDX251219C14500000,2023-06-01 19:04:03+00:00,14500.0,2710.0,3160.0,3360.0,0.0,0.0,,1.0,1.0000000000000003e-05,True,REGULAR,USD,2025-12-19
NDX251219C14600000,2023-01-19 16:26:14+00:00,14600.0,973.9,1273.5,1823.5,0.0,0.0,,30.0,1.0000000000000003e-05,True,REGULAR,USD,2025-12-19
NDX251219C14700000,2022-12-30 19:35:36+00:00,14700.0,650.9,970.6,1520.6,0.0,0.0,5.0,5.0,1.0000000000000003e-05,True,REGULAR,USD,2025-12-19
NDX251219C14800000,2023-01-05 20:26:37+00:00,14800.0,777.1,1328.5,1878.5,0.0,0.0,2.0,10.0,1.0000000000000003e-05,True,REGULAR,USD,2025-12-19
NDX251219C14900000,2023-02-21 14:30:15+00:00,14900.0,1325.8,1464.0,1664.0,0.0,0.0,3.0,2.0,1.0000000000000003e-05,True,REGULAR,USD,2025-12-19
NDX251219C15000000,2024-03-22 13:43:12+00:00,15000.0,4933.64,3626.9,4176.9,0.0,0.0,1.0,182.0,1.0000000000000003e-05,True,REGULAR,USD,2025-12-19
NDX251219C15200000,2023-01-03 16:25:35+00:00,15200.0,781.0,0.0,0.0,0.0,0.0,1.0,3.0,1.0000000000000003e-05,True,REGULAR,USD,2025-12-19
NDX251219C15400000,2023-02-17 14:30:15+00:00,15400.0,1218.8,1152.0,1352.0,0.0,0.0,1.0,4.0,1.0000000000000003e-05,True,REGULAR,USD,2025-12-19
NDX251219C15600000,2023-01-03 14:44:12+00:00,15600.0,744.0,0.0,0.0,0.0,0.0,,1.0,1.0000000000000003e-05,True,REGULAR,USD,2025-12-19
NDX251219C15800000,2023-10-31 20:05:28+00:00,15800.0,1869.8,2592.0,2792.0,0.0,0.0,1.0,5.0,1.0000000000000003e-05,True,REGULAR,USD,2025-12-19
NDX251219C16000000,2023-09-27 15:13:05+00:00,16000.0,1937.1,1630.0,1830.0,0.0,0.0,45.0,49.0,1.0000000000000003e-05,True,REGULAR,USD,2025-12-19
NDX251219C16300000,2023-02-06 14:30:15+00:00,16300.0,994.2,0.0,0.0,0.0,0.0,,1.0,1.0000000000000003e-05,True,REGULAR,USD,2025-12-19
NDX251219C16600000,2023-06-23 13:53:29+00:00,16600.0,1920.0,2098.0,2298.0,0.0,0.0,1.0,0.0,1.0000000000000003e-05,True,REGULAR,USD,2025-12-19
NDX251219C16700000,2023-06-23 13:52:11+00:00,16700.0,2119.0,2048.0,2248.0,0.0,0.0,1.0,1.0,1.0000000000000003e-05,True,REGULAR,USD,2025-12-19
NDX251219C16900000,2023-08-07 16:47:34+00:00,16900.0,2054.0,1918.0,2118.0,0.0,0.0,,6.0,1.0000000000000003e-05,True,REGULAR,USD,2025-12-19
NDX251219C17000000,2023-04-24 19:08:29+00:00,17000.0,798.0,944.0,1144.0,0.0,0.0,,1.0,1.0000000000000003e-05,True,REGULAR,USD,2025-12-19
NDX251219C17300000,2023-04-25 13:31:28+00:00,17300.0,694.0,962.0,1162.0,0.0,0.0,10.0,9.0,1.0000000000000003e-05,True,REGULAR,USD,2025-12-19
NDX251219C17500000,2023-04-17 15:44:58+00:00,17500.0,726.0,800.0,1000.0,0.0,0.0,,10.0,1.0000000000000003e-05,True,REGULAR,USD,2025-12-19
NDX251219C17600000,2024-06-21 14:00:15+00:00,17600.0,4013.25,3541.4,4091.4,0.0,0.0,2.0,3.0,0.22360028383493422,True,REGULAR,USD,2025-12-19
NDX251219C17700000,2024-07-24 14:18:39+00:00,17700.0,3511.1,3427.8,3977.8,0.0,0.0,18.0,10.0,0.21706076602458954,True,REGULAR,USD,2025-12-19
NDX251219C17800000,2024-08-02 19:57:28+00:00,17800.0,2800.0,3179.7,3729.7,0.0,0.0,17.0,7.0,0.1874823760509491,True,REGULAR,USD,2025-12-19
NDX251219C17900000,2023-12-22 16:51:17+00:00,17900.0,2010.25,2368.0,2568.0,0.0,0.0,1.0,0.0,1.0000000000000003e-05,True,REGULAR,USD,2025-12-19
NDX251219C18000000,2024-10-29 18:01:35+00:00,18000.0,4016.9,4382.0,4582.0,0.0,0.0,50.0,50.0,0.33563872947931295,True,REGULAR,USD,2025-12-19
NDX251219C18400000,2024-06-04 13:43:23+00:00,18400.0,2626.84,3706.0,3906.0,0.0,0.0,1.0,0.0,0.27710922254085535,True,REGULAR,USD,2025-12-19
NDX251219C18500000,2024-08-05 16:03:40+00:00,18500.0,2236.4,2321.9,2871.9,0.0,0.0,,1.0,0.1321598053503037,True,REGULAR,USD,2025-12-19
NDX251219C18600000,2024-06-04 13:43:23+00:00,18600.0,2505.15,3566.0,3766.0,0.0,0.0,1.0,0.0,0.27498517266035083,True,REGULAR,USD,2025-12-19
NDX251219C18700000,2024-07-05 14:41:25+00:00,18700.0,3665.0,1996.5,2546.5,0.0,0.0,17.0,9.0,0.09944862657546996,True,REGULAR,USD,2025-12-19
NDX251219C19000000,2024-10-29 15:58:28+00:00,19000.0,3280.0,3616.0,3816.0,0.0,0.0,100.0,121.0,0.3119029667782782,True,REGULAR,USD,2025-12-19
NDX251219C19100000,2023-11-20 15:00:00+00:00,19100.0,1120.0,1370.0,1566.0,0.0,0.0,,10.0,1.0000000000000003e-05,True,REGULAR,USD,2025-12-19
NDX251219C19300000,2023-08-01 14:41:29+00:00,19300.0,1171.0,999.9,1190.0,0.0,0.0,,1.0,1.0000000000000003e-05,True,REGULAR,USD,2025-12-19
NDX251219C19400000,2024-04-22 14:23:38+00:00,19400.0,1421.85,1897.4,2447.4,0.0,0.0,2.0,12.0,0.16739938787221909,True,REGULAR,USD,2025-12-19
NDX251219C19500000,2024-08-05 16:03:40+00:00,19500.0,1729.6,1732.4,2282.4,0.0,0.0,,1.0,0.15424739689588546,True,REGULAR,USD,2025-12-19
NDX251219C19600000,2024-08-23 17:11:35+00:00,19600.0,2397.51,2274.0,2474.0,0.0,0.0,1.0,1.0,0.1870646708774567,True,REGULAR,USD,2025-12-19
NDX251219C19700000,2024-09-19 13:30:17+00:00,19700.0,2311.9,2594.0,2794.0,0.0,0.0,,1.0,0.2338917573046684,True,REGULAR,USD,2025-12-19
NDX251219C19800000,2024-09-19 13:30:17+00:00,19800.0,2256.6,2530.0,2730.0,0.0,0.0,,2.0,0.23290829050064088,True,REGULAR,USD,2025-12-19
NDX251219C20000000,2024-06-25 18:27:50+00:00,20000.0,2441.0,1752.0,1952.0,0.0,0.0,1.0,5.0,0.15231193422555925,True,REGULAR,USD,2025-12-19
NDX251219C20200000,2024-03-25 13:38:44+00:00,20200.0,1698.5,0.0,0.0,0.0,0.0,1.0,108.0,1.0000000000000003e-05,True,REGULAR,USD,2025-12-19
NDX251219C20300000,2024-08-05 16:03:40+00:00,20300.0,1366.8,1312.8,1862.8,0.0,0.0,,2.0,0.16248396118164063,True,REGULAR,USD,2025-12-19
NDX251219C20500000,2024-10-30 13:36:39+00:00,20500.0,2306.14,2574.0,2774.0,0.0,0.0,,0.0,0.2807565134906768,True,REGULAR,USD,2025-12-19
NDX251219C20600000,2024-10-30 13:36:39+00:00,20600.0,2245.85,2510.0,2710.0,0.0,0.0,1.0,1.0,0.27888113170146944,True,REGULAR,USD,2025-12-19
NDX251219C20800000,2024-04-29 19:06:30+00:00,20800.0,1131.4,1402.0,1602.0,0.0,0.0,1.0,5.0,0.16292240856409076,True,REGULAR,USD,2025-12-19
NDX251219C20900000,2024-08-05 13:59:13+00:00,20900.0,1174.1,1051.9,1601.9,0.0,0.0,,1.0,0.16854044778108604,True,REGULAR,USD,2025-12-19
NDX251219C21000000,2024-11-07 15:40:09+00:00,21000.0,2302.9,2260.0,2460.0,0.0,0.0,20.0,21.0,0.27144922207355504,True,REGULAR,USD,2025-12-19
NDX251219C21200000,2024-10-16 13:56:42+00:00,21200.0,1685.0,2140.0,2340.0,0.0,0.0,1.0,10.0,0.26791851664304733,False,REGULAR,USD,2025-12-19
NDX251219C21300000,2024-06-18 13:37:33+00:00,21300.0,1998.0,1674.0,1874.0,0.0,0.0,1.0,0.0,0.2202066677165031,False,REGULAR,USD,2025-12-19
NDX251219C21400000,2024-10-18 16:16:06+00:00,21400.0,1691.6,2022.0,2222.0,0.0,0.0,2.0,13.0,0.26434751887559893,False,REGULAR,USD,2025-12-19
NDX251219C21500000,2024-10-01 14:26:04+00:00,21500.0,1382.0,1430.0,1630.0,0.0,0.0,500.0,183.0,0.20246588023662565,False,REGULAR,USD,2025-12-19
NDX251219C21600000,2024-01-25 19:43:52+00:00,21600.0,770.5,904.0,1080.0,0.0,0.0,1.0,0.0,0.14532347872018814,False,REGULAR,USD,2025-12-19
NDX251219C21700000,2024-10-21 15:14:27+00:00,21700.0,1503.5,1854.0,2054.0,0.0,0.0,6.0,15.0,0.25949050415277486,False,REGULAR,USD,2025-12-19
NDX251219C21800000,2024-11-08 19:50:15+00:00,21800.0,1903.8,1798.0,1992.0,412.44006,27.6553,6.0,14.0,0.2570555595541001,False,REGULAR,USD,2025-12-19
NDX251219C21900000,2024-10-28 14:35:28+00:00,21900.0,1517.0,1746.0,1946.0,0.0,0.0,,4.0,0.2563477018713951,False,REGULAR,USD,2025-12-19
NDX251219C22000000,2024-11-08 19:10:50+00:00,22000.0,1792.6,1692.0,1886.0,42.599976,2.4342842,2.0,16.0,0.2539928651142121,False,REGULAR,USD,2025-12-19
NDX251219C22200000,2024-09-03 18:30:22+00:00,22200.0,840.4,1034.0,1234.0,0.0,0.0,4.0,1.0,0.18892550927877427,False,REGULAR,USD,2025-12-19
NDX251219C22500000,2024-06-12 18:40:05+00:00,22500.0,1130.0,1416.0,1616.0,0.0,0.0,,0.0,0.24445359473943712,False,REGULAR,USD,2025-12-19
NDX251219C22600000,2024-10-10 14:51:14+00:00,22600.0,1168.0,1394.0,1594.0,0.0,0.0,4.0,11.0,0.24593725872039796,False,REGULAR,USD,2025-12-19
NDX251219C22700000,2024-10-16 13:56:27+00:00,22700.0,1050.0,1346.0,1546.0,0.0,0.0,2.0,11.0,0.24440066634416582,False,REGULAR,USD,2025-12-19
NDX251219C23000000,2024-10-22 17:35:07+00:00,23000.0,1014.0,1240.1,1385.4,0.0,0.0,1.0,144.0,0.23739552170515058,False,REGULAR,USD,2025-12-19
NDX251219C23100000,2024-09-12 14:46:47+00:00,23100.0,706.0,876.0,1076.0,0.0,0.0,,1.0,0.20504184801459308,False,REGULAR,USD,2025-12-19
NDX251219C23200000,2024-09-23 14:53:36+00:00,23200.0,790.0,800.0,1000.0,0.0,0.0,,2.0,0.19954337451934817,False,REGULAR,USD,2025-12-19
NDX251219C23300000,2024-08-07 13:34:12+00:00,23300.0,430.0,0.0,0.0,0.0,0.0,,4.0,0.015634843750000002,False,REGULAR,USD,2025-12-19
NDX251219C23400000,2024-08-07 13:34:16+00:00,23400.0,410.0,0.0,0.0,0.0,0.0,,3.0,0.015634843750000002,False,REGULAR,USD,2025-12-19
NDX251219C23500000,2024-10-16 13:55:24+00:00,23500.0,760.0,1037.4,1180.8,0.0,0.0,1.0,6.0,0.23128515304565428,False,REGULAR,USD,2025-12-19
NDX251219C23600000,2024-10-09 18:31:45+00:00,23600.0,825.0,999.3,1142.4,0.0,0.0,1.0,9.0,0.2301078538751602,False,REGULAR,USD,2025-12-19
NDX251219C23700000,2024-08-07 13:34:14+00:00,23700.0,360.0,0.0,0.0,0.0,0.0,,4.0,0.015634843750000002,False,REGULAR,USD,2025-12-19
NDX251219C23800000,2024-08-07 13:34:08+00:00,23800.0,346.0,0.0,0.0,0.0,0.0,,2.0,0.015634843750000002,False,REGULAR,USD,2025-12-19
NDX251219C23900000,2024-08-07 13:34:14+00:00,23900.0,330.0,0.0,0.0,0.0,0.0,,4.0,0.015634843750000002,False,REGULAR,USD,2025-12-19
NDX251219C24000000,2024-11-07 15:40:09+00:00,24000.0,900.8,855.0,996.9,0.0,0.0,20.0,23.0,0.22551500429630278,False,REGULAR,USD,2025-12-19
NDX251219C24500000,2024-10-22 15:20:07+00:00,24500.0,540.0,726.0,806.0,0.0,0.0,1.0,58.0,0.21653410465002057,False,REGULAR,USD,2025-12-19
NDX251219C25000000,2024-10-18 15:50:49+00:00,25000.0,440.0,586.0,666.0,0.0,0.0,1.0,6.0,0.21169973946571347,False,REGULAR,USD,2025-12-19
NDX251219C25500000,2024-10-22 17:35:07+00:00,25500.0,495.91,482.0,541.9,141.91,40.08757,1.0,11.0,0.20674330518960948,False,REGULAR,USD,2025-12-19
NDX251219C27000000,2024-11-08 15:32:31+00:00,27000.0,254.0,244.0,284.0,74.0,41.11111,1.0,41.0,0.1960415174484253,False,REGULAR,USD,2025-12-19
NDX251219C27500000,2024-11-07 16:18:08+00:00,27500.0,202.0,200.0,240.0,0.0,0.0,1.0,11.0,0.19638435993671416,False,REGULAR,USD,2025-12-19
NDX261218C12400000,2024-08-06 16:07:04+00:00,12400.0,7225.6,7514.0,8064.0,0.0,0.0,,2.0,1.0000000000000003e-05,True,REGULAR,USD,2026-12-18
NDX261218C12500000,2024-08-06 16:11:52+00:00,12500.0,7136.8,7434.2,7984.2,0.0,0.0,,4.0,1.0000000000000003e-05,True,REGULAR,USD,2026-12-18
NDX261218C12600000,2024-08-06 16:11:51+00:00,12600.0,7056.8,7353.6,7903.6,0.0,0.0,,4.0,1.0000000000000003e-05,True,REGULAR,USD,2026-12-18
NDX261218C13200000,2024-08-05 14:01:20+00:00,13200.0,6391.6,6918.7,7468.7,0.0,0.0,,1.0,1.0000000000000003e-05,True,REGULAR,USD,2026-12-18
NDX261218C14500000,2024-04-02 19:04:37+00:00,14500.0,5873.41,5045.0,5595.0,0.0,0.0,1.0,1.0,1.0000000000000003e-05,True,REGULAR,USD,2026-12-18
NDX261218C16100000,2023-12-06 14:30:17+00:00,16100.0,3253.9,3254.0,3454.0,0.0,0.0,,1.0,1.0000000000000003e-05,True,REGULAR,USD,2026-12-18
NDX261218C17500000,2024-02-05 14:39:44+00:00,17500.0,3340.0,0.0,0.0,0.0,0.0,1.0,0.0,1.0000000000000003e-05,True,REGULAR,USD,2026-12-18
NDX261218C18300000,2024-10-31 16:53:08+00:00,18300.0,4352.0,5104.0,5304.0,0.0,0.0,,3.0,0.32966461567521094,True,REGULAR,USD,2026-12-18
NDX261218C18500000,2024-05-23 14:43:32+00:00,18500.0,3754.0,4228.0,4428.0,0.0,0.0,1.0,1.0,0.2572586901521683,True,REGULAR,USD,2026-12-18
NDX261218C18700000,2024-07-23 13:30:16+00:00,18700.0,4176.4,0.0,0.0,0.0,0.0,,1.0,1.0000000000000003e-05,True,REGULAR,USD,2026-12-18
NDX261218C19400000,2024-02-16 18:05:09+00:00,19400.0,2629.04,2588.0,2788.0,0.0,0.0,1.0,1.0,0.15347683575391774,True,REGULAR,USD,2026-12-18
NDX261218C19700000,2024-10-03 15:09:30+00:00,19700.0,3232.0,3430.0,3630.0,0.0,0.0,1.0,1.0,0.24336188698291777,True,REGULAR,USD,2026-12-18
NDX261218C19900000,2024-07-25 13:30:15+00:00,19900.0,2970.3,2908.9,3458.9,0.0,0.0,1.0,1.0,0.23723697493553159,True,REGULAR,USD,2026-12-18
NDX261218C20000000,2024-11-01 16:11:17+00:00,20000.0,3407.5,3970.0,4170.0,0.0,0.0,5.0,5.0,0.3029825056374073,True,REGULAR,USD,2026-12-18
NDX261218C20200000,2024-07-22 13:30:16+00:00,20200.0,3292.6,2976.0,3176.0,0.0,0.0,,1.0,0.22565912688612938,True,REGULAR,USD,2026-12-18
NDX261218C20300000,2024-07-23 13:30:16+00:00,20300.0,3248.7,0.0,0.0,0.0,0.0,,1.0,1.0000000000000003e-05,True,REGULAR,USD,2026-12-18
NDX261218C20700000,2024-07-17 13:45:24+00:00,20700.0,3193.01,0.0,0.0,0.0,0.0,,1.0,1.0000000000000003e-05,True,REGULAR,USD,2026-12-18
NDX261218C20800000,2024-07-17 13:45:24+00:00,20800.0,3140.0,0.0,0.0,0.0,0.0,,1.0,1.0000000000000003e-05,True,REGULAR,USD,2026-12-18
NDX261218C20900000,2024-07-02 17:08:08+00:00,20900.0,3058.32,2136.0,2336.0,0.0,0.0,,1.0,0.1830914649891853,True,REGULAR,USD,2026-12-18
NDX261218C21000000,2024-08-08 14:56:38+00:00,21000.0,1911.14,1575.8,2125.8,0.0,0.0,1.0,24.0,0.16952057675838472,True,REGULAR,USD,2026-12-18
NDX261218C21100000,2024-08-22 15:20:15+00:00,21100.0,2604.0,2384.0,2584.0,0.0,0.0,1.0,2.0,0.21108844034194946,True,REGULAR,USD,2026-12-18
NDX261218C21500000,2024-05-23 13:30:22+00:00,21500.0,2214.2,2572.0,2772.0,0.0,0.0,,1.0,0.24061044488549233,False,REGULAR,USD,2026-12-18
NDX261218C21600000,2024-05-30 13:30:28+00:00,21600.0,2071.8,2500.0,2700.0,0.0,0.0,1.0,2.0,0.2380475899982452,False,REGULAR,USD,2026-12-18
NDX261218C21700000,2024-07-22 13:30:16+00:00,21700.0,2529.3,2216.0,2416.0,0.0,0.0,1.0,2.0,0.2180761805987358,False,REGULAR,USD,2026-12-18
NDX261218C21800000,2024-04-12 19:02:17+00:00,21800.0,1776.5,1477.4,2027.4,0.0,0.0,1.0,1.0,0.18958639897108082,False,REGULAR,USD,2026-12-18
NDX261218C22000000,2024-10-14 14:43:43+00:00,22000.0,2552.0,2806.0,3006.0,0.0,0.0,2.0,25.0,0.2760834368622303,False,REGULAR,USD,2026-12-18
NDX261218C22100000,2024-09-13 15:44:32+00:00,22100.0,1900.26,2274.0,2474.0,0.0,0.0,2.0,3.0,0.23564292425632474,False,REGULAR,USD,2026-12-18
NDX261218C22200000,2024-08-20 18:52:18+00:00,22200.0,2080.0,1910.0,2110.0,0.0,0.0,,2.0,0.20900086813926694,False,REGULAR,USD,2026-12-18
NDX261218C22400000,2024-07-12 19:44:00+00:00,22400.0,2614.59,1336.0,1536.0,0.0,0.0,,1.0,0.16803619752883917,False,REGULAR,USD,2026-12-18
NDX261218C22500000,2024-05-20 17:22:38+00:00,22500.0,1700.0,2061.2,2611.2,0.0,0.0,2.0,4.0,0.2589614586162568,False,REGULAR,USD,2026-12-18
NDX261218C22600000,2024-04-23 15:29:15+00:00,22600.0,1195.3,0.0,0.0,0.0,0.0,,0.0,0.007822421875,False,REGULAR,USD,2026-12-18
NDX261218C25000000,2024-08-26 14:46:51+00:00,25000.0,1000.0,974.0,1174.0,0.0,0.0,1.0,12.0,0.20151853348612786,False,REGULAR,USD,2026-12-18
NDX261218C29000000,2024-10-31 16:02:18+00:00,29000.0,354.0,518.0,598.0,0.0,0.0,,1.0,0.21217371086120604,False,REGULAR,USD,2026-12-18
NDX261218C29500000,2024-10-28 17:42:13+00:00,29500.0,358.0,440.0,520.0,0.0,0.0,,3.0,0.20945910406589505,False,REGULAR,USD,2026-12-18
